[6041, 16247]
[6053, 16251]
[6067, 6172, 18266]
[6072, 11826]
[6091, 13637, 16265]
[6098, 16271, 16272]
[6099, 6100, 13949, 17509]
[6109, 12698]
[6112, 13919]
[6135, 16283]
[6136, 13170]
[6154, 18972]
[6163, 6171]
[6176, 6177, 12183]
[6182, 16318]
[6186, 13434]
[6189, 13626]
[6190, 13467]
[6196, 13484]
[6209, 14079]
[6216, 13646]
[6226, 6230]
[6227, 18985]
[6242, 12755, 13962]
[9201, 9646, 9731, 19268, 19270]
[6260, 14450]
[6266, 19199]
[6278, 14439]
[6281, 13808]
[6287, 12714]
[6288, 19284]
[6303, 18284]
[6309, 6312, 12927]
[6314, 19429]
[6318, 16325]
[6325, 13025, 18488]
[6328, 16327]
[6333, 13424]
[6335, 10853]
[6337, 12873]
[6383, 18501, 19327]
[6386, 7360]
[6401, 6414]
[6411, 18648]
[6422, 17518]
[6434, 13787]
[6446, 19206]
[11601, 14042]
[6477, 11990]
[6487, 6488]
[6494, 19397]
[6503, 19367]
[6511, 6512]
[6529, 12226]
[6537, 19405]
[6542, 11405]
[6568, 13769]
[6570, 6571]
[6572, 18373]
[6583, 19215]
[6587, 13743]
[6600, 14918]
[6605, 16363]
[6627, 19111]
[6633, 16368]
[6641, 12487, 16369]
[6643, 12931, 12946]
[6648, 16627]
[6651, 19094]
[6653, 12957]
[6656, 13489, 16376]
[6659, 6676, 12968]
[6665, 12969]
[6666, 12978, 16379]
[6697, 6708, 13119, 18546, 18547]
[6710, 13349]
[6718, 6719, 13226, 18686]
[6722, 13004, 16406]
[6724, 18553]
[6728, 16428]
[6732, 13648]
[6734, 6735]
[9136, 9623, 9625, 9626, 13558, 13559, 14008]
[6783, 13533]
[6820, 6821, 13053]
[6838, 13673]
[6841, 6842, 12819]
[6844, 14729]
[6854, 6856]
[6905, 13070, 13799]
[6915, 12025]
[6918, 13448]
[6961, 18314]
[7629, 7630, 13719, 16616]
[6995, 7025, 7082]
[13483, 16767]
[7020, 7033]
[7032, 19387]
[7035, 7106]
[7041, 7042, 7043, 15444]
[7045, 16475]
[7047, 7048]
[7071, 7072]
[7053, 13096, 16480]
[7062, 13682]
[7064, 8663]
[7066, 8971]
[7073, 16482]
[7076, 18473]
[7085, 16485]
[7092, 11295]
[7093, 10236]
[7111, 18444]
[7113, 7114, 13104]
[7139, 17939]
[9724, 9727, 17098, 17099, 17697]
[7147, 12288]
[7148, 13122, 16502]
[7158, 18624]
[7159, 13003]
[7185, 19359]
[7211, 18644, 19406]
[7217, 16521]
[7227, 17632]
[7228, 7232, 7528, 13163]
[7231, 16525]
[16523, 16524]
[7233, 11978, 13164]
[7236, 7273, 16526]
[7244, 16527]
[7247, 16534]
[7260, 7263]
[7283, 7284, 13171, 17633]
[7271, 16531]
[7279, 7280, 13350]
[7282, 19229]
[7298, 16536]
[7299, 7300]
[7304, 7305, 19091]
[7306, 18663]
[7356, 13213]
[7365, 7367]
[7373, 16562]
[7433, 12678]
[7436, 13859]
[8173, 8978]
[7459, 13401]
[7460, 8125, 13402, 16588]
[7466, 8469, 13541]
[7469, 7470, 9013, 13568]
[7480, 14505, 14506, 17637, 19300]
[7484, 13834]
[7493, 14002]
[7495, 19103]
[7500, 19205]
[7503, 19356]
[7527, 16595]
[9158, 9164, 13771]
[7538, 15028]
[7546, 18698, 19267]
[7640, 13836]
[7646, 12327, 18313]
[7649, 19140]
[7653, 19312]
[7666, 8430, 13717]
[7672, 7695, 17640, 19320]
[7685, 7686]
[7688, 15298]
[7704, 9498]
[7730, 13718]
[7754, 8494]
[7775, 16638]
[7788, 7789]
[7800, 19246, 19251]
[7808, 10432]
[7817, 10251, 19258]
[7821, 12310]
[7827, 12976, 18538]
[7829, 18878]
[7838, 17645]
[7859, 13295]
[7875, 19358]
[7912, 13326]
[7914, 14004]
[7917, 19069]
[7919, 13330, 13337]
[7924, 11977, 19277]
[7948, 13721]
[7955, 16676]
[7965, 15117]
[7969, 16685]
[7986, 11512]
[8009, 19389]
[8013, 13510]
[8024, 18251]
[8075, 16702]
[8078, 13376]
[8086, 16704]
[8090, 19152]
[8093, 13374]
[8110, 16715]
[8124, 13399]
[8134, 15081]
[8171, 18054]
[8196, 8197, 12149]
[8210, 9282, 17656]
[8214, 8296]
[8217, 8297]
[8219, 10234, 16758]
[8223, 13443]
[8231, 8240, 13724]
[8246, 13242]
[8251, 14047]
[8280, 13468]
[8285, 18839]
[8286, 13469, 16756, 16757]
[8288, 13135]
[8310, 13476]
[8311, 8351, 13518]
[8323, 13479]
[8327, 13482]
[8341, 8354, 8366, 14507, 19301]
[8363, 13490, 16772]
[8365, 13495, 13496]
[8381, 13499]
[8410, 8411, 13886]
[8415, 13511]
[8421, 16786]
[8426, 13517]
[8452, 13532]
[8458, 19319]
[8464, 14030]
[8473, 8489, 18437]
[8477, 14360]
[8481, 13542]
[8485, 13617]
[8487, 8501]
[8493, 13908]
[8496, 10216]
[8505, 16800]
[8547, 16818]
[8548, 13427]
[8553, 16823]
[8560, 13586]
[8567, 8634]
[8569, 18386, 18905]
[8585, 15588]
[8586, 16831]
[8591, 8594, 13588]
[8600, 13589]
[8605, 13062]
[8614, 8619]
[8617, 16836]
[8627, 12679]
[8636, 13601, 16841, 16842]
[8641, 11713]
[8642, 8730, 8737, 18891]
[8645, 13603]
[8656, 8659, 16850]
[8662, 13612]
[8679, 13614]
[8681, 13615]
[8702, 16856]
[8741, 13630]
[8744, 8746]
[8754, 8758]
[8765, 12785]
[8770, 13651]
[8775, 13653, 14061]
[8784, 13668]
[8789, 8792]
[8794, 8810]
[8801, 13728]
[8815, 13729]
[8822, 8823, 13730]
[8826, 13745]
[8831, 18775]
[8836, 13749]
[8841, 16906]
[8842, 13598, 16920]
[8890, 18115]
[8897, 8898]
[8901, 8930]
[8913, 16899]
[8916, 16900]
[8947, 16907]
[8961, 18532]
[8982, 8984]
[9002, 13379]
[9011, 13547]
[9017, 16919]
[9028, 9029]
[9035, 9036, 13843]
[9039, 14479, 16923]
[9057, 19322]
[9062, 14056]
[9063, 19354]
[9103, 13801]
[9106, 13759]
[9107, 13756]
[9109, 13755, 18973]
[9110, 10705]
[9117, 13760, 15838]
[9135, 9930, 18633]
[9145, 14224, 16951, 16952]
[9182, 12296, 16958]
[9212, 9611, 13069, 13174, 13998]
[9222, 13803]
[9248, 10520, 13809]
[9254, 9628]
[9299, 16980]
[9300, 9301, 18786]
[9302, 13830]
[9308, 9317, 9321, 9322, 9341, 13844]
[9360, 13208]
[9372, 13192]
[9376, 13864]
[9384, 19024]
[9391, 9392]
[9393, 18430]
[9395, 13876]
[9402, 13428]
[9404, 13441]
[9406, 14041]
[9422, 13892]
[9423, 13893]
[9443, 17018]
[9462, 9463]
[9497, 13942]
[9500, 19071]
[9525, 11607]
[9540, 13406]
[13977, 17062]
[9564, 13980]
[9585, 13897]
[9679, 19084]
[9687, 19038]
[9706, 9713, 14074, 17093, 19090]
[9707, 14081]
[9714, 19097]
[9719, 14093, 17100]
[9723, 17696]
[9782, 12565]
[9787, 18009]
[9799, 13356, 18262]
[9803, 9804]
[9818, 10419, 17717]
[9824, 12703, 17148]
[9829, 13369]
[9832, 9833]
[9837, 11994]
[9841, 9842]
[9880, 19136]
[9884, 19155]
[9902, 19316]
[9936, 19154]
[9950, 9966]
[9953, 10040]
[9954, 14250]
[9955, 17196]
[9959, 19170]
[9967, 19171]
[9970, 14259]
[9973, 9974, 19180]
[9986, 19184]
[9991, 13141]
[9997, 13572]
[10003, 14288]
[10011, 17218, 19195]
[10028, 19200]
[10064, 13778]
[10068, 13536]
[10080, 17239]
[10082, 19211]
[10100, 19217]
[10102, 19218]
[10115, 17245]
[10134, 17250]
[10150, 17260]
[10162, 14737]
[10222, 19252]
[10225, 10226]
[10229, 13262, 17281]
[10259, 14459, 18894]
[10260, 18750]
[10263, 19271]
[10277, 17295]
[10292, 10293, 14476]
[10314, 12977]
[10335, 19306]
[10375, 12582]
[10397, 19325]
[10413, 10431]
[10475, 10476]
[10483, 17938]
[10488, 17358]
[10523, 19210]
[10556, 13629]
[10583, 19352]
[10589, 19355]
[10598, 11995]
[10622, 10828]
[10633, 12588]
[10361, 17168]
[10665, 14997]
[10669, 17406, 19368]
[10671, 17403, 19369]
[10672, 14817, 17404]
[10674, 17405, 19371]
[10688, 14632, 19372]
[10690, 19373]
[10746, 17391]
[10749, 10750]
[10751, 13868]
[10806, 13544, 17450]
[10840, 14690]
[10855, 19408]
[10885, 10886]
[10899, 19430]
[10913, 14229, 19433]
[10916, 14717]
[10932, 14581]
[10943, 17492, 19440]
[10946, 10947]
[10970, 13590]
[10981, 17722]
[10986, 17726]
[11036, 15987]
[11050, 13821]
[11077, 17779]
[11095, 14844]
[11113, 17326]
[11127, 17784]
[11160, 13943]
[11220, 11499]
[11248, 15984]
[11252, 15740]
[11320, 11321]
[11338, 12983]
[11340, 15051]
[11358, 16748]
[11387, 17924]
[11389, 17922]
[11430, 15942]
[11483, 15159]
[11484, 12494]
[11492, 12612]
[11520, 11528]
[11531, 17624]
[11537, 12224]
[11558, 16915]
[11567, 15240]
[11576, 14782]
[11593, 17971]
[11596, 16083]
[11600, 17960]
[11732, 17648]
[11765, 12739]
[11805, 15345]
[11817, 16479]
[11898, 16452]
[11908, 14908]
[11937, 16190]
[11940, 15466]
[11955, 11956]
[11960, 15487]
[11976, 18579]
[11984, 18117]
[12035, 15537]
[12048, 15538]
[12060, 15678, 15679]
[12065, 15067]
[12074, 18243]
[12089, 15605]
[12101, 12119]
[12116, 15635]
[12133, 12856, 16193]
[12137, 12932]
[12148, 18219]
[12153, 15659]
[12161, 15930]
[12258, 15867]
[12271, 15303]
[12276, 16938]
[12318, 18310]
[12325, 18312]
[12326, 15392]
[12349, 15901]
[12405, 18347]
[12415, 18350]
[12418, 12419]
[12444, 18362]
[12481, 15939]
[12507, 19088]
[12514, 12515, 18375]
[12551, 17210]
[12572, 15727]
[12589, 15999]
[12637, 16945]
[12683, 15256]
[12700, 16855]
[12710, 16991]
[12765, 12767]
[12780, 18453]
[12806, 16152]
[12830, 12834]
[12837, 13336, 17255, 17256]
[12777, 15476]
[12939, 12940]
[12952, 15814]
[13002, 16405]
[13018, 18563]
[13024, 16509]
[13338, 16686]
[13357, 18774]
[13371, 18783]
[13390, 13391]
[13446, 16743, 18821]
[13450, 18826, 19027]
[13466, 18837, 18838]
[13488, 14885]
[13497, 17631]
[13514, 16589, 18857]
[13520, 16091]
[13557, 18868]
[13628, 16868]
[13632, 13633]
[13643, 16871]
[13684, 16441]
[13924, 17031]
[13926, 17241]
[13968, 17061]
[13989, 16902, 16914]
[13993, 17070]
[14005, 17074]
[14039, 19081]
[14058, 15610]
[14075, 19092]
[14078, 19093]
[14080, 16796]
[14112, 17125]
[14191, 19137]
[14193, 19138]
[14206, 19141]
[14324, 17097]
[14366, 17248]
[14395, 17264]
[14714, 17476, 19434]
[14873, 14874]
[15012, 15013]
[15205, 15206]
[15242, 15243]
[15275, 19231]
[15331, 15350]
[15272, 17990]
[15486, 18104]
[15553, 17280]
[15557, 15567]
[15573, 19391]
[15620, 19362]
[15633, 17576]
[15637, 15638]
[15667, 16650]
[15728, 15729]
[15764, 15765]
[15782, 17549]
[15815, 18017]
[15834, 18930]
[16395, 18862]
[16408, 18559]
[16438, 16444]
[16463, 19435]
[16466, 18600]
[16505, 17630]
[16545, 16546]
[16653, 18733]
[16750, 18831]
[16828, 16838]
[16881, 16882]
[17011, 17686]
[17212, 19192]
[17383, 17384]
[17417, 19395]
[17423, 19399]
[17480, 17481]
[18050, 18078, 18836]
[18087, 18322]
[18093, 19425]
[18218, 18787]
[18221, 18387]
[18237, 19019]
[18244, 19378]
[18307, 18446]
[18311, 18396]
[18320, 18489]
[18354, 18470]
[18364, 19240]
[18369, 18370]
[18407, 18408]
[18418, 18983]
[18469, 18684]
[18529, 19273]
[18560, 19110]
