[4, 18377]
[27, 12862]
[1948, 3722]
[30, 12219]
[62, 13812]
[70, 16544, 17741]
[76, 11015, 14776]
[82, 17621]
[2846, 2952, 18126]
[114, 14790]
[131, 13592]
[134, 150, 13913]
[138, 18181]
[148, 149]
[151, 12639]
[154, 18456]
[173, 13649, 14798, 18678]
[182, 14799]
[184, 6580, 12082]
[185, 9917, 14216, 14222, 14800, 19151]
[187, 14447, 19261]
[9061, 10566, 17066, 19347]
[210, 345, 13779]
[241, 256]
[245, 15653]
[246, 17279]
[253, 14827]
[257, 4766, 10870]
[258, 10210, 11060, 13692]
[277, 11063, 12664]
[286, 14834]
[287, 486, 11073]
[289, 338]
[298, 17512]
[307, 11080]
[315, 13362]
[1470, 1481, 1486, 11434, 11438, 15104, 19234]
[326, 333]
[348, 11062]
[375, 376]
[12445, 15924, 19248]
[396, 11148, 18557]
[401, 13575]
[402, 8250]
[414, 11151]
[416, 11153, 16141]
[423, 3175]
[13838, 19013]
[434, 11158]
[443, 13471]
[446, 13815, 18830]
[1169, 1170]
[456, 11161]
[462, 11162]
[465, 11164]
[467, 11167]
[2555, 11874]
[473, 14863]
[475, 476]
[481, 11171]
[511, 515]
[1666, 3185, 3414, 9512, 11783]
[497, 14882]
[11182, 18278]
[1865, 7345, 12447]
[501, 14884]
[507, 8372, 13776]
[522, 11193, 13410, 18803]
[525, 14891]
[526, 11008, 15757, 17688]
[541, 14901]
[3553, 19172]
[573, 12838]
[576, 11061]
[578, 13462]
[594, 599]
[600, 969, 19331]
[607, 11364, 15770]
[618, 13329]
[619, 620]
[638, 13915]
[639, 937, 14691]
[642, 643]
[676, 2841, 13584]
[680, 12259]
[687, 18308]
[695, 696]
[16965, 19361]
[759, 12988]
[773, 13698]
[774, 13700]
[787, 13094]
[8974, 8975, 13144]
[804, 805, 13261]
[811, 13306]
[7878, 19332]
[817, 3836, 13308]
[819, 13340]
[821, 13372]
[824, 13392, 16209]
[825, 13398]
[836, 13516]
[855, 13664]
[858, 13677, 14974]
[860, 13735]
[861, 13693]
[13694, 14977]
[869, 5521]
[874, 19212]
[884, 14426]
[899, 13857, 13858, 14980]
[907, 13956]
[909, 13997]
[924, 13936, 14255, 14984]
[926, 5585, 13341]
[947, 10478]
[951, 14421]
[952, 5592, 19265]
[953, 19274]
[958, 14481, 19285]
[960, 961]
[965, 966, 14538, 18103]
[967, 19318]
[981, 19381]
[982, 14123]
[993, 13650]
[994, 19438]
[995, 19442]
[1002, 9152, 11230]
[1003, 8851, 11133]
[1007, 2416]
[1018, 12396]
[1023, 18734]
[1045, 12453]
[1058, 1817, 6391]
[1075, 5934, 16221]
[1087, 4649]
[1112, 13818]
[1114, 1559, 12843]
[1116, 8862]
[1128, 18153]
[1140, 1141, 8289, 11300, 14456, 15032, 15033]
[1152, 17920]
[1160, 11146]
[1176, 11762]
[1179, 11310, 15040]
[1182, 1183, 11317, 15042]
[1184, 12844]
[1185, 15043]
[1194, 11311]
[1195, 11326]
[1197, 14536]
[1200, 11325, 15045]
[1201, 16597]
[1202, 11327]
[1221, 17878]
[1223, 17870]
[1248, 17877, 18079]
[1250, 18194, 18383]
[1275, 13670]
[1283, 7400]
[1284, 12597]
[1298, 3810]
[1301, 3811, 3812]
[1313, 14972, 19348]
[10617, 10789, 19401]
[1319, 2409]
[10422, 13327]
[1324, 11361]
[1331, 11375, 17470]
[1339, 7548, 7713, 13247, 14316]
[1357, 17892]
[10248, 10249, 10329]
[1386, 7396]
[1387, 11415]
[1419, 15944]
[1431, 18617]
[1432, 9160]
[1436, 3197, 6759, 7533, 18568, 18695]
[1444, 4747, 14521, 19310]
[1446, 1448, 15094]
[1453, 11433]
[1459, 13854]
[1492, 15096]
[1493, 1494, 1495, 19201]
[1522, 8270]
[1535, 6944, 7397, 11452]
[1549, 11464]
[1553, 13036]
[1565, 18653]
[1578, 14543]
[1579, 3433, 10435, 10436, 19334]
[1587, 17840]
[7411, 11992]
[1596, 17409]
[1610, 8654, 15147]
[8069, 19213]
[8050, 8055, 12699]
[8068, 14335, 19214]
[1630, 9614]
[1640, 9758, 13552]
[1644, 15158, 18613]
[1665, 11495]
[13473, 15418]
[1682, 1916, 13822]
[1688, 13862]
[1701, 11507]
[14171, 15011]
[1716, 11505]
[1733, 14015, 15191]
[1737, 2015, 9255, 13783]
[1747, 19197]
[1757, 15178]
[1761, 17951]
[1775, 19382]
[1787, 11657]
[1808, 18116]
[1809, 12282]
[1811, 3808, 6740, 12201]
[1815, 5175, 11659]
[1826, 7333]
[1829, 7335]
[1842, 15204, 17940]
[1851, 17942]
[1863, 15209]
[1874, 11532, 14731, 17944]
[1879, 13474]
[1891, 17945]
[1896, 5840]
[1915, 11546, 15222]
[3212, 14433]
[1920, 9234, 9730, 13732, 17680]
[1931, 11560, 13501]
[1969, 13595]
[1971, 11586]
[1987, 9518, 13966]
[1998, 9532, 13734]
[2006, 9548, 13951]
[2043, 15273, 15274]
[2059, 3821, 9229, 11665]
[2062, 13751]
[10106, 19219]
[2066, 11661]
[2099, 3947]
[2108, 15293]
[2132, 10450, 13914, 15296, 17719]
[2147, 13480]
[2155, 15302]
[2161, 18029]
[2209, 3241]
[2218, 13106, 18936]
[2254, 13263]
[2260, 18602]
[2263, 18227]
[2264, 2340]
[2282, 2809]
[2296, 14105]
[2304, 2305]
[2307, 13472]
[2338, 7029]
[2341, 15356]
[2396, 9686, 13654, 17596]
[2442, 7182]
[6160, 12872]
[2454, 11842]
[2456, 11853]
[2470, 2621]
[2500, 14272]
[8148, 18809]
[2552, 11872]
[2577, 15401]
[2579, 15403]
[2595, 18071]
[2625, 19144]
[2645, 11897]
[2665, 15419]
[2690, 13641]
[2692, 2734]
[7471, 13570, 18874]
[2712, 13738]
[2719, 13373]
[2723, 13889]
[2737, 19292]
[2744, 19375]
[2763, 15443]
[2764, 15442]
[2766, 2781]
[2768, 12247]
[2775, 19115]
[2778, 15462]
[2779, 14498, 15464]
[2782, 15463]
[2783, 15465]
[2789, 11915]
[2808, 9977]
[2819, 13855]
[2825, 11944]
[2838, 15478]
[2848, 11952]
[2874, 2875]
[2883, 11987]
[2897, 9327, 12702]
[2899, 15499]
[2901, 16985, 18893]
[2902, 13627]
[13797, 15034]
[2936, 18123]
[2962, 15507, 17899]
[2975, 19336]
[2977, 15833]
[2991, 7188]
[2997, 3000]
[3008, 12026]
[3009, 5735]
[3023, 15533]
[11991, 12041]
[3036, 12036, 17568, 18146]
[9220, 13800]
[3070, 18485]
[15751, 17589, 19366]
[3134, 19436]
[3144, 13571]
[3146, 13639]
[3147, 13638]
[3149, 3150]
[3151, 12099]
[3156, 14077]
[3157, 19162]
[3161, 19294]
[3196, 3207]
[3204, 15586]
[3214, 12073]
[3222, 18818, 19109, 19244]
[3226, 12596]
[3235, 15595]
[12079, 15334]
[3270, 12083, 15598]
[7225, 7253, 7254, 16528]
[3292, 3326, 11554]
[3293, 15604]
[3296, 7990, 13355]
[3311, 18193]
[3313, 15608]
[3320, 11911]
[10533, 19339]
[19222, 19305]
[3329, 14025]
[3331, 13678]
[3336, 12095, 15618]
[3343, 12100]
[3356, 12105]
[4854, 8370, 13494]
[3368, 12106]
[3373, 12109]
[3378, 13912]
[3389, 19106]
[3400, 9428, 13895]
[3402, 14401]
[3404, 7848, 8113, 14044, 14478, 15632, 18212, 19089, 19282]
[3420, 18214]
[3427, 13634]
[3442, 12126]
[3464, 18962]
[3474, 12144]
[3475, 13973, 16698]
[3504, 7925, 19204]
[3526, 12709]
[3527, 19186]
[3544, 3547]
[3550, 15671]
[3555, 3556]
[3560, 14372]
[6272, 18059]
[3590, 13377]
[3596, 13904]
[3598, 13955, 17047]
[3601, 19169]
[3602, 19163]
[3608, 19157]
[3609, 3610, 17837]
[6595, 11232]
[3648, 8647, 13666, 13667, 18248, 18921]
[3757, 13706]
[3658, 3714, 13798]
[3667, 4336]
[3683, 4307, 19121]
[3689, 13243]
[3691, 5475]
[9427, 9428, 13895, 18343, 19036]
[3702, 18392, 19082]
[3705, 13522, 17586]
[3706, 19117]
[3709, 8621, 13413, 18904]
[3710, 14000]
[3717, 19225]
[3720, 3768, 13705, 19221]
[3732, 13059]
[3734, 17588]
[3741, 3850]
[3745, 14482]
[3753, 8526, 13563]
[6985, 13921]
[3769, 14483]
[3772, 15713, 15716, 15717]
[3786, 12965, 18253, 18539]
[3791, 15721, 15722]
[3814, 8607]
[3825, 18426]
[3827, 13704]
[3828, 19384]
[3842, 11498]
[3855, 3856]
[3864, 12220]
[3902, 16100, 19142]
[3899, 13918, 15749]
[3911, 19385]
[3913, 14699]
[3915, 3917, 13986]
[3921, 15160]
[3923, 19025]
[3927, 7835]
[3936, 12641]
[3940, 7175, 11667, 13975]
[3944, 3986, 18562]
[3945, 3990, 12860, 15837, 16304]
[3953, 15759]
[3962, 3963]
[3967, 15803]
[3968, 12628]
[3970, 12312]
[3973, 18413]
[3977, 13707]
[3988, 4110]
[3989, 15836]
[14038, 15840]
[3994, 19164, 19165]
[4005, 14037]
[4015, 15784]
[4051, 9373, 13823, 15696]
[4057, 4217, 13911]
[4058, 12399, 18345]
[4061, 12428]
[4068, 12643, 18412]
[4071, 13460]
[4083, 14418, 15806]
[4091, 19107]
[4105, 12863]
[4137, 13206]
[4139, 13211]
[4145, 13118]
[4154, 13491]
[4161, 13985]
[4185, 13574]
[4191, 19173]
[4200, 12403]
[4203, 14430, 19254]
[4206, 19337]
[4223, 15853, 17591]
[4228, 4230, 15855]
[4238, 4239, 13487, 18846]
[4245, 13659]
[4266, 12253, 15865]
[4275, 18282]
[4292, 8512, 13545]
[4304, 7841]
[4355, 4356, 15875]
[4358, 7050]
[4908, 4918]
[4370, 7885, 13311]
[4371, 18239]
[4377, 7892]
[4397, 4398, 15878]
[4403, 15228]
[8233, 9410, 9411]
[4463, 12330]
[4470, 12542]
[4498, 8830, 11781]
[4510, 12379]
[4516, 15800]
[4541, 4542]
[4544, 12408]
[4545, 18279]
[4580, 18353]
[4619, 12441, 12450]
[4632, 4855, 15985]
[4665, 12469]
[4702, 4703]
[4706, 19185]
[4711, 4713]
[4717, 12199]
[4718, 4722]
[4739, 8094, 12446]
[4745, 19066]
[4756, 9764]
[4780, 15965]
[4794, 12534]
[4809, 18382]
[4813, 7286, 13660]
[4816, 13744, 16901]
[4829, 4900]
[4830, 4901]
[4831, 4902]
[4851, 18421]
[4856, 7702]
[4858, 13540, 18609]
[4875, 12579, 15990]
[9484, 9486, 13930, 19422]
[4930, 4933]
[4932, 16001, 18402]
[4951, 18404]
[4965, 4966, 4967]
[4973, 4981]
[4993, 13710]
[4999, 18940]
[5007, 5008]
[5016, 9488, 12849]
[5024, 12676, 16017]
[5038, 11049]
[5047, 14604]
[5055, 11006, 11007, 16019, 16021, 16022]
[5082, 12708]
[11957, 18099]
[5106, 11851]
[5107, 5109, 11852, 19120]
[7790, 13276]
[5123, 5124]
[5133, 12753]
[5157, 16054]
[5193, 17926]
[5200, 11857]
[5201, 16904]
[5205, 11004]
[5206, 5647, 12926]
[5210, 11074]
[5271, 16079]
[16082, 17972]
[5342, 12243]
[12350, 17339]
[6514, 12369]
[5371, 12406]
[5376, 13502]
[5458, 13231]
[5476, 12196, 13339, 15705]
[5485, 18810]
[5488, 13451, 13452, 18829]
[5496, 13535]
[5504, 13581]
[5513, 13671]
[5544, 12861, 19009]
[5552, 13884]
[5573, 19124]
[9053, 9591, 13880]
[5597, 19287]
[5598, 19298]
[5619, 19350]
[5621, 14590]
[5622, 19351]
[5623, 13781]
[5658, 7922, 12800]
[5671, 16143]
[5672, 12799]
[5680, 19190]
[5682, 16150]
[5686, 5787, 5822, 12847, 14501, 19297]
[5705, 5803]
[5715, 16157]
[5717, 7970, 7971, 12162, 16161]
[5719, 16162]
[5727, 16164]
[5728, 5789, 14499, 19293]
[5729, 11972]
[5730, 15495]
[5753, 16192]
[5764, 7893]
[5769, 5777, 12823]
[5788, 13905, 16172]
[5804, 14503]
[5808, 9353]
[5813, 13554]
[5815, 12846, 16179]
[5816, 5818, 13647]
[5817, 12845]
[5838, 16186]
[5841, 16189]
[5842, 12822]
[5858, 8447, 13389]
[5871, 5882]
[5873, 13782]
[5893, 11177]
[5910, 5915]
[5913, 9369, 14265, 19181]
[5927, 16218]
[5931, 5933]
[5941, 16225]
[5947, 17933]
[5950, 6283]
[5955, 11539, 19262]
[11808, 15325]
[5983, 19099]
[11098, 15339]
[5993, 6071]
[6002, 13957]
[6011, 6012, 12024]
