[4, 18377]
[27, 12862]
[1948, 3722]
[30, 12219]
[62, 13812]
[70, 16544, 17741]
[76, 11015, 14776]
[82, 17621]
[2846, 2952, 18126]
[114, 14790]
[131, 13592]
[134, 13913]
[138, 18181]
[148, 149]
[150, 13913]
[151, 12639]
[154, 18456]
[173, 13649, 14798, 18678]
[182, 14799]
[184, 12082]
[185, 14216, 14800, 19151]
[187, 14447, 19261]
[9061, 10566, 19347]
[210, 13779]
[241, 256]
[245, 15653]
[246, 17279]
[253, 14827]
[257, 10870]
[258, 11060, 13692]
[277, 11063, 12664]
[4766, 10870]
[286, 14834]
[287, 11073]
[289, 338]
[298, 17512]
[307, 11080]
[315, 13362]
[11434, 11438, 15104, 19234]
[326, 333]
[345, 13779]
[348, 11062]
[375, 376]
[12445, 15924]
[396, 11148, 18557]
[401, 13575]
[402, 8250]
[414, 11151]
[416, 11153, 16141]
[423, 3175]
[13838, 19013]
[434, 11158]
[443, 13471]
[446, 13815, 18830]
[1169, 1170]
[456, 11161]
[462, 11162]
[465, 11164]
[467, 11167]
[2555, 11874]
[473, 14863]
[475, 476]
[481, 11171]
[486, 11073]
[511, 515]
[3185, 11783]
[497, 14882]
[11182, 18278]
[1865, 12447]
[501, 14884]
[507, 13776]
[12445, 15924]
[522, 11193, 13410, 18803]
[525, 14891]
[526, 11008, 15757, 17688]
[541, 14901]
[3553, 19172]
[573, 12838]
[576, 11061]
[578, 13462]
[594, 599]
[600, 19331]
[607, 11364, 15770]
[618, 13329]
[619, 620]
[638, 13915]
[639, 14691]
[642, 643]
[676, 13584]
[680, 12259]
[687, 18308]
[695, 696]
[16965, 19361]
[759, 12988]
[773, 13698]
[774, 13700]
[787, 13094]
[8975, 13144]
[804, 13261]
[805, 13261]
[811, 13306]
[7878, 19332]
[817, 13308]
[819, 13340]
[821, 13372]
[824, 13392, 16209]
[825, 13398]
[836, 13516]
[855, 13664]
[858, 13677, 14974]
[860, 13735]
[861, 13693]
[13694, 14977]
[869, 5521]
[874, 19212]
[884, 14426]
[899, 13857, 13858, 14980]
[907, 13956]
[909, 13997]
[924, 14255]
[926, 5585, 13341]
[937, 14691]
[947, 10478]
[951, 14421]
[952, 19265]
[953, 19274]
[958, 14481, 19285]
[960, 961]
[965, 966, 14538]
[967, 19318]
[969, 19331]
[981, 19381]
[982, 14123]
[993, 13650]
[994, 19438]
[995, 19442]
[1002, 9152, 11230]
[1003, 8851, 11133]
[1007, 2416]
[1018, 12396]
[1023, 18734]
[1045, 12453]
[1058, 6391]
[1075, 5934, 16221]
[1087, 4649]
[1112, 13818]
[1114, 12843]
[1116, 8862]
[1128, 18153]
[1140, 1141, 11300, 14456, 15032, 15033]
[1152, 17920]
[1160, 11146]
[13815, 18830]
[1176, 11762]
[1179, 11310, 15040]
[1182, 1183, 11317, 15042]
[1184, 12844]
[1185, 15043]
[1194, 11311]
[1195, 11326]
[1197, 14536]
[1200, 11325, 15045]
[1201, 16597]
[1202, 11327]
[1221, 17878]
[1223, 17870]
[1248, 18079]
[1250, 18194, 18383]
[1275, 13670]
[1283, 7400]
[1284, 12597]
[1298, 3810]
[1301, 3811, 3812]
[1313, 19348]
[10617, 10789, 19401]
[1319, 2409]
[10422, 13327]
[1324, 11361]
[1331, 11375, 17470]
[1339, 7548, 7713, 13247, 14316]
[1357, 17892]
[10248, 10249, 10329]
[1386, 7396]
[1387, 11415]
[1419, 15944]
[1431, 18617]
[1432, 9160]
[1436, 6759]
[1444, 14521, 19310]
[1446, 1448, 15094]
[1453, 11433]
[1459, 13854]
[1470, 1481, 1486, 11434, 11438, 15104, 19234]
[1492, 15096]
[1493, 1494, 1495, 19201]
[1522, 8270]
[1535, 11452]
[1549, 11464]
[1553, 13036]
[1559, 12843]
[1565, 18653]
[1578, 14543]
[1579, 10436, 19334]
[1587, 17840]
[7411, 11992]
[1596, 17409]
[1610, 8654, 15147]
[8069, 19213]
[8050, 8055, 12699]
[14335, 19214]
[1630, 9614]
[1640, 13552]
[1644, 15158, 18613]
[1665, 11495]
[1666, 3414, 11783]
[13473, 15418]
[1682, 13822]
[1688, 13862]
[1701, 11507]
[14171, 15011]
[1716, 11505]
[1733, 14015, 15191]
[1737, 13783]
[1747, 19197]
[1757, 15178]
[1761, 17951]
[1775, 19382]
[1787, 11657]
[1808, 18116]
[1809, 12282]
[1811, 6740, 12201]
[1815, 5175, 11659]
[1817, 6391]
[1826, 7333]
[1829, 7335]
[1842, 15204, 17940]
[1851, 17942]
[1863, 15209]
[1865, 12447]
[1874, 11532, 14731, 17944]
[1879, 13474]
[1891, 17945]
[1896, 5840]
[1915, 11546, 15222]
[1916, 13822]
[3212, 14433]
[1920, 13732]
[1931, 11560, 13501]
[1969, 13595]
[1971, 11586]
[1987, 13966]
[1998, 13734]
[2006, 13951]
[2015, 9255, 13783]
[2043, 15273, 15274]
[2059, 9229, 11665]
[2062, 13751]
[10106, 19219]
[2066, 11661]
[2099, 3947]
[2108, 15293]
[2132, 13914, 15296]
[2147, 13480]
[2155, 15302]
[2161, 18029]
[2209, 3241]
[2218, 13106, 18936]
[13247, 14316]
[2254, 13263]
[2260, 18602]
[2263, 18227]
[2264, 2340]
[2282, 2809]
[2296, 14105]
[2304, 2305]
[2307, 13472]
[2338, 7029]
[2341, 15356]
[2218, 13106, 18936]
[13247, 14316]
[2254, 13263]
[2260, 18602]
[2263, 18227]
[2264, 2340]
[2282, 2809]
[2296, 14105]
[2304, 2305]
[2307, 13472]
[2338, 7029]
[2341, 15356]
[2371, 19383]
[2396, 13654, 17596]
[2442, 7182]
[6160, 12872]
[2454, 11842]
[2456, 11853]
[2470, 2621]
[2500, 14272]
[8148, 18809]
[2552, 11872]
[2555, 11874]
[2577, 15401]
[2579, 15403]
[2595, 18071]
[2625, 19144]
[7397, 11452]
[2645, 11897]
[2665, 15419]
[2690, 13641]
[2692, 2734]
[7471, 13570, 18874]
[2712, 13738]
[2719, 13373]
[2723, 13889]
[2737, 19292]
[2744, 19375]
[2763, 15443]
[2764, 15442]
[2766, 2781]
[2768, 12247]
[2775, 19115]
[2778, 15462]
[2779, 14498, 15464]
[2782, 15463]
[2783, 15465]
[2789, 11915]
[2808, 9977]
[2819, 13855]
[2825, 11944]
[2838, 15478]
[2841, 13584]
[2848, 11952]
[2874, 2875]
[2883, 11987]
[2897, 12702]
[2899, 15499]
[2901, 18893]
[2902, 13627]
[13797, 15034]
[2936, 18123]
[2962, 17899]
[2975, 19336]
[2977, 15833]
[2991, 7188]
[2997, 3000]
[3008, 12026]
[3009, 5735]
[3023, 15533]
[11991, 12041]
[3036, 12036, 17568, 18146]
[9220, 13800]
[3070, 18485]
[15751, 17589]
[3134, 19436]
[3144, 13571]
[3146, 13639]
[3147, 13638]
[3149, 3150]
[3151, 12099]
[3156, 14077]
[3157, 19162]
[3161, 19294]
[13838, 19013]
[3185, 11783]
[3186, 18166]
[3196, 3207]
[3197, 6759, 7533, 18568]
[3204, 15586]
[3212, 14433]
[3214, 12073]
[3222, 19244]
[3226, 12596]
[3235, 15595]
[12079, 15334]
[3270, 12083, 15598]
[7254, 16528]
[3292, 3326, 11554]
[3293, 15604]
[3296, 13355]
[3311, 18193]
[3313, 15608]
[3320, 11911]
[10533, 19339]
[19222, 19305]
[11182, 18278]
[3329, 14025]
[3331, 13678]
[3336, 12095, 15618]
[3343, 12100]
[3356, 12105]
[4854, 13494]
[3368, 12106]
[3373, 12109]
[3378, 13912]
[3389, 19106]
[3400, 9428]
[3402, 14401]
[3404, 14044, 14478, 15632, 18212, 19282]
[3420, 18214]
[3427, 13634]
[3433, 10436, 19334]
[3442, 12126]
[3464, 18962]
[3474, 12144]
[3475, 13973, 16698]
[3504, 19204]
[3526, 12709]
[3527, 19186]
[3544, 3547]
[3550, 15671]
[3553, 19172]
[3555, 3556]
[3560, 14372]
[6272, 18059]
[3590, 13377]
[3596, 13904]
[3598, 13955, 17047]
[3601, 19169]
[3602, 19163]
[3608, 19157]
[3609, 3610, 17837]
[6595, 11232]
[3648, 13666, 13667, 18248, 18921]
[3757, 13706]
[3658, 13798]
[3667, 4336]
[3683, 4307, 19121]
[3689, 13243]
[3691, 5475]
[13895, 18343, 19036]
[3414, 11783]
[6045, 19263]
[3695, 12805]
[3702, 18392, 19082]
[3705, 17586]
[3706, 19117]
[3709, 13413, 18904]
[3710, 14000]
[3714, 13798]
[3717, 19225]
[3720, 13705, 19221]
[3732, 13059]
[3734, 17588]
[3741, 3850]
[3745, 14482]
[3753, 8526, 13563]
[3757, 13706]
[6985, 13921]
[3768, 13705, 19221]
[3769, 14483]
[3772, 15713, 15716, 15717]
[3786, 12965, 18253, 18539]
[3791, 15722]
[3808, 12201]
[3811, 3812]
[3814, 8607]
[3821, 11665]
[3825, 18426]
[3827, 13704]
[3828, 19384]
[3836, 13308]
[3842, 11498]
[3855, 3856]
[3864, 12220]
[3902, 19142]
[3899, 13918]
[3911, 19385]
[3913, 14699]
[3915, 3917, 13986]
[3921, 15160]
[3923, 19025]
[3927, 7835]
[3936, 12641]
[3940, 11667, 13975]
[3944, 3986, 18562]
[3945, 12860]
[3953, 15759]
[3962, 3963]
[3967, 15803]
[3968, 12628]
[3970, 12312]
[3973, 18413]
[3977, 13707]
[3988, 4110]
[3989, 15836]
[3990, 12860, 15837, 16304]
[14038, 15840]
[3994, 19164, 19165]
[4005, 14037]
[4015, 15784]
[4051, 13823, 15696]
[4057, 4217, 13911]
[4058, 12399, 18345]
[4061, 12428]
[4068, 12643, 18412]
[4071, 13460]
[4083, 14418, 15806]
[4091, 19107]
[4105, 12863]
[4137, 13206]
[4139, 13211]
[4145, 13118]
[4154, 13491]
[4161, 13985]
[4185, 13574]
[4191, 19173]
[4200, 12403]
[4203, 19254]
[4206, 19337]
[4223, 15853, 17591]
[4228, 4230, 15855]
[4238, 4239, 13487, 18846]
[4245, 13659]
[4266, 12253, 15865]
[4275, 18282]
[4292, 13545]
[4304, 7841]
[4355, 4356, 15875]
[4358, 7050]
[4908, 4918]
[4370, 13311]
[4371, 18239]
[4377, 7892]
[4397, 4398, 15878]
[4403, 15228]
[8233, 9410, 9411]
[4463, 12330]
[4470, 12542]
[4498, 11781]
[4510, 12379]
[4516, 15800]
[4541, 4542]
[4544, 12408]
[4545, 18279]
[4580, 18353]
[12445, 15924]
[4613, 4616]
[4619, 12441, 12450]
[4632, 15985]
[4665, 12469]
[10789, 19401]
[4702, 4703]
[4706, 19185]
[4711, 4713]
[4717, 12199]
[4718, 4722]
[4739, 12446]
[4745, 19066]
[4747, 14521, 19310]
[4756, 9764]
[4766, 10870]
[4774, 13266]
[4780, 15965]
[4794, 12534]
[4809, 18382]
[4813, 13660]
[4816, 13744, 16901]
[4829, 4900]
[4830, 4901]
[4831, 4902]
[4851, 18421]
[4854, 13494]
[4855, 15985]
[4856, 7702]
[4858, 13540]
[4875, 12579, 15990]
[13930, 19422]
[4930, 4933]
[4932, 16001, 18402]
[4951, 18404]
[4965, 4966, 4967]
[4973, 4981]
[4993, 13710]
[4999, 18940]
[5007, 5008]
[5016, 12849]
[5024, 12676, 16017]
[5038, 11049]
[5047, 14604]
[5055, 11006, 11007, 16021, 16022]
[5082, 12708]
[11957, 18099]
[5106, 11851]
[5107, 5109, 11852, 19120]
[7790, 13276]
[5123, 5124]
[5133, 12753]
[5157, 16054]
[5175, 11659]
[5193, 17926]
[5200, 11857]
[5201, 16904]
[5205, 11004]
[5206, 12926]
[5210, 11074]
[5271, 16079]
[16082, 17972]
[5342, 12243]
[12350, 17339]
[6514, 12369]
[5371, 12406]
[5376, 13502]
[5458, 13231]
[7878, 19332]
[5476, 13339, 15705]
[5485, 18810]
[5488, 13451, 13452, 18829]
[5496, 13535]
[5504, 13581]
[5513, 13671]
[5544, 12861, 19009]
[5552, 13884]
[5573, 19124]
[5592, 19265]
[9053, 13880]
[5597, 19287]
[5598, 19298]
[5619, 19350]
[5621, 14590]
[5622, 19351]
[5623, 13781]
[5647, 12926]
[5658, 7922, 12800]
[5671, 16143]
[5672, 12799]
[5680, 19190]
[5682, 16150]
[5686, 14501, 19297]
[5705, 5803]
[5715, 16157]
[5717, 12162]
[5719, 16162]
[5727, 16164]
[5728, 19293]
[5729, 11972]
[5730, 15495]
[5753, 16192]
[5764, 7893]
[5769, 12823]
[5777, 12823]
[5787, 14501, 19297]
[5788, 13905, 16172]
[5789, 19293]
[5804, 14503]
[5808, 9353]
[5813, 13554]
[5815, 12846, 16179]
[5816, 5818, 13647]
[5817, 12845]
[5822, 12847, 14501]
[5830, 16182, 16183, 18480, 18530]
[5838, 16186]
[5841, 16189]
[5842, 12822]
[5858, 13389]
[5871, 5882]
[5873, 13782]
[5893, 11177]
[5910, 5915]
[5913, 14265, 19181]
[5927, 16218]
[5931, 5933]
[5941, 16225]
[5947, 17933]
[5950, 6283]
[5955, 11539]
[11808, 15325]
[5983, 19099]
[11098, 15339]
[5993, 6071]
[6002, 13957]
[6011, 6012, 12024]
[6041, 16247]
[6045, 19263]
[6053, 16251]
[6067, 6172, 18266]
[6072, 11826]
[6091, 13637, 16265]
[6098, 16271, 16272]
[6099, 6100, 13949, 17509]
[6109, 12698]
[6112, 13919]
[6135, 16283]
[6136, 13170]
[6154, 18972]
[6163, 6171]
[6176, 6177, 12183]
[6182, 16318]
[6186, 13434]
[6189, 13626]
[6190, 13467]
[6196, 13484]
[6209, 14079]
[6216, 13646]
[6226, 6230]
[6227, 18985]
[6242, 13962]
[9646, 19268, 19270]
[6260, 14450]
[6266, 19199]
[6272, 18059]
[6278, 14439]
[6281, 13808]
[6287, 12714]
[6288, 19284]
[6303, 18284]
[6309, 12927]
[6312, 12927]
[6314, 19429]
[6318, 16325]
[6325, 13025, 18488]
[6328, 16327]
[6333, 13424]
[6335, 10853]
[6337, 12873]
[6383, 19327]
[6386, 7360]
[6401, 6414]
[6411, 18648]
[6422, 17518]
[6434, 13787]
[6446, 19206]
[11601, 14042]
[6477, 11990]
[6487, 6488]
[6494, 19397]
[6503, 19367]
[6511, 6512]
[6514, 12369]
[6529, 12226]
[6537, 19405]
[6542, 11405]
[6568, 13769]
[6570, 6571]
[6572, 18373]
[6580, 12082]
[6583, 19215]
[6587, 13743]
[6600, 14918]
[6605, 16363]
[6627, 19111]
[6633, 16368]
[6641, 12487, 16369]
[6643, 12931, 12946]
[6648, 16627]
[6651, 19094]
[6653, 12957]
[6656, 13489, 16376]
[6659, 12968]
[6659, 6676, 12968]
[6665, 12969]
[6666, 12978, 16379]
[6697, 6708, 13119, 18546, 18547]
[6710, 13349]
[6718, 6719, 13226, 18686]
[6722, 13004, 16406]
[6724, 18553]
[6728, 16428]
[6732, 13648]
[6734, 6735]
[9625, 13558, 13559, 14008]
[6783, 13533]
[6820, 6821, 13053]
[6838, 13673]
[6841, 6842, 12819]
[6844, 14729]
[6854, 6856]
[6905, 13070, 13799]
[6915, 12025]
[6918, 13448]
[6944, 11452]
[6946, 13840, 13842]
[6961, 18314]
[13719, 16616]
[6985, 13921]
[6990, 9070, 13840, 13842]
[6995, 7025, 7082]
[13483, 16767]
[7020, 7033]
[7032, 19387]
[7035, 7106]
[7041, 7043]
[7042, 7043, 15444]
[7045, 16475]
[7047, 7048]
[7071, 7072]
[7053, 13096, 16480]
[7062, 13682]
[7064, 8663]
[7066, 8971]
[7073, 16482]
[7076, 18473]
[7085, 16485]
[7092, 11295]
[7093, 10236]
[7111, 18444]
[7113, 13104]
[7114, 13104]
[7139, 17939]
[9724, 9727, 17098]
[7147, 12288]
[7148, 13122, 16502]
[7158, 18624]
[7159, 13003]
[7175, 11667, 13975]
[7185, 19359]
[7211, 19406]
[7217, 16521]
[7225, 7254, 16528]
[7227, 17632]
[7228, 7232, 7528, 13163]
[7231, 16525]
[16523, 16524]
[7233, 11978, 13164]
[7236, 7273, 16526]
[7244, 16527]
[7247, 16534]
[7253, 7254, 16528]
[7255, 7285]
[7260, 7263]
[7283, 13171, 17633]
[7271, 16531]
[7279, 7280, 13350]
[7282, 19229]
[7283, 13171, 17633]
[7284, 13171, 17633]
[7286, 13660]
[7291, 19317]
[7298, 16536]
[7299, 7300]
[7304, 19091]
[7305, 19091]
[7306, 18663]
[7345, 12447]
[7350, 18676]
[7356, 13213]
[7365, 7367]
[7373, 16562]
[7397, 11452]
[7405, 15710]
[7411, 11992]
[7413, 11993]
[7433, 12678]
[7436, 13859]
[8173, 8978]
[7459, 13401]
[7460, 13402]
[7466, 13541]
[7469, 13568]
[7470, 13568]
[7471, 13570, 18874]
[7480, 19300]
[7484, 13834]
[7493, 14002]
[7495, 19103]
[7500, 19205]
[7503, 19356]
[10789, 19401]
[7514, 19437]
[7527, 16595]
[9158, 13771]
[7533, 18568, 18695]
[7534, 7536]
[7538, 15028]
[13483, 16767]
[7546, 18698, 19267]
[7548, 13247, 14316]
[7560, 11420]
[7591, 12472]
[13570, 18874]
[7629, 7630, 16616]
[7637, 13763]
[7640, 13836]
[7646, 12327, 18313]
[7649, 19140]
[7653, 19312]
[7666, 13717]
[7672, 19320]
[7685, 7686]
[7688, 15298]
[7695, 19320]
[7704, 9498]
[7730, 13718]
[7754, 8494]
[7775, 16638]
[7788, 7789]
[7790, 13276]
[7800, 19246, 19251]
[7808, 10432]
[7817, 10251, 19258]
[7821, 12310]
[7827, 12976]
[7829, 18878]
[7838, 17645]
[7848, 8113, 14044, 14478, 15632, 18212, 19282]
[7859, 13295]
[7875, 19358]
[7878, 19332]
[7880, 13438]
[7885, 13311]
[7912, 13326]
[7914, 14004]
[7917, 19069]
[7919, 13330, 13337]
[7924, 11977, 19277]
[7925, 19204]
[7948, 13721]
[7955, 16676]
[7965, 15117]
[7969, 16685]
[7970, 7971, 12162]
[7986, 11512]
[7990, 13355]
[8009, 19389]
[8013, 13510]
[8024, 18251]
[8068, 14335, 19214]
[8069, 19213]
[8075, 16702]
[8078, 13376]
[8086, 16704]
[8090, 19152]
[8093, 13374]
[8094, 12446]
[8110, 16715]
[8113, 14044, 14478, 15632, 18212, 19282]
[8121, 10952, 13784]
[8124, 13399]
[8125, 13402]
[8134, 15081]
[8148, 18809]
[8171, 18054]
[8173, 8978]
[8196, 8197, 12149]
[8210, 9282, 17656]
[8214, 8296]
[8217, 8297]
[8219, 10234, 16758]
[8223, 13443]
[8231, 13724]
[8233, 9410, 9411]
[8240, 13724]
[8246, 13242]
[8251, 14047]
[13815, 18830]
[8269, 13440, 16752, 16753, 18818, 19109]
[8280, 13468]
[8285, 18839]
[8286, 13469, 16756, 16757]
[8288, 13135]
[8289, 14456, 15033]
[8310, 13476]
[8311, 8351, 13518]
[8323, 13479]
[8327, 13482]
[8341, 14507, 19301]
[8354, 14507, 19301]
[8363, 13490, 16772]
[8365, 13495, 13496]
[8366, 14507, 19301]
[8370, 13494]
[8372, 13776]
[8376, 13498]
[8379, 16780]
[8381, 13499]
[8410, 13886]
[8411, 13886]
[8415, 13511]
[8421, 16786]
[8426, 13517]
[13522, 17586]
[8430, 13717]
[8447, 13389]
[8452, 13532]
[8458, 19319]
[8464, 14030]
[8469, 13541]
[8473, 8489, 18437]
[8477, 14360]
[8481, 13542]
[8485, 13617]
[8487, 8501]
[8489, 18437]
[8493, 13908]
[8496, 10216]
[8505, 16800]
[8512, 13545]
[8526, 13563]
[8547, 16818]
[8548, 13427]
[8553, 16823]
[8560, 13586]
[8567, 8634]
[8569, 18386, 18905]
[8585, 15588]
[8586, 16831]
[8591, 13588]
[8594, 13588]
[8600, 13589]
[8605, 13062]
[8614, 8619]
[8617, 16836]
[8621, 13413, 18904]
[8627, 12679]
[8636, 13601, 16841, 16842]
[8641, 11713]
[8642, 8730, 8737, 18891]
[8645, 13603]
[8647, 13667]
[8654, 15147]
[8656, 8659, 16850]
[8662, 13612]
[8679, 13614]
[8681, 13615]
[8702, 16856]
[8741, 13630]
[8744, 8746]
[8754, 8758]
[8765, 12785]
[8770, 13651]
[8775, 13653, 14061]
[8784, 13668]
[8789, 8792]
[8794, 8810]
[8801, 13728]
[8815, 13729]
[8822, 8823, 13730]
[8826, 13745]
[8830, 11781]
[8831, 18775]
[8836, 13749]
[8841, 16906]
[8842, 13598, 16920]
[8890, 18115]
[8897, 8898]
[8901, 8930]
[8913, 16899]
[8916, 16900]
[8947, 16907]
[8961, 18532]
[8974, 8975, 13144]
[8982, 8984]
[9002, 13379]
[9011, 13547]
[9013, 13568]
[9014, 13573, 18066]
[9017, 16919]
[9028, 9029]
[9035, 9036, 13843]
[9039, 14479, 16923]
[9049, 19263]
[9052, 19269]
[9053, 13880]
[9057, 19322]
[9061, 10566, 19347]
[9062, 14056]
[9063, 19354]
[9070, 13842]
[9079, 13851]
[9103, 13801]
[9106, 13759]
[9107, 13756]
[9109, 13755, 18973]
[9110, 10705]
[9117, 13760, 15838]
[9135, 9930, 18633]
[9136, 13558, 13559]
[9145, 14224, 16951, 16952]
[9158, 13771]
[9164, 13771]
[9176, 13773, 18987]
[9182, 12296, 16958]
[9201, 19268]
[9212, 13069, 13174, 13998]
[9220, 13800]
[9222, 13803]
[9234, 13732, 17680]
[9248, 10520, 13809]
[9254, 9628]
[9255, 13783]
[9276, 15366]
[9299, 16980]
[9300, 9301, 18786]
[9302, 13830]
[9308, 13844]
[9317, 9322, 13844]
[9321, 13844]
[9327, 12702]
[9330, 13848, 19276]
[9333, 13848, 18618, 19276]
[9341, 13844]
[9354, 17684]
[9358, 12680]
[9360, 13208]
[9369, 14265, 19181]
[9372, 13192]
[9373, 13823, 15696]
[9376, 13864]
[9384, 19024]
[9391, 9392]
[9393, 18430]
[9395, 13876]
[9402, 13428]
[9404, 13441]
[9406, 14041]
[9422, 13892]
[9423, 13893]
[9427, 13895]
[9428, 13895]
[9439, 17016]
[9440, 13898, 16944]
[9443, 17018]
[13540, 18609]
[9462, 9463]
[9484, 19422]
[9486, 19422]
[9487, 13931]
[9488, 12849]
[9497, 13942]
[9500, 19071]
[9512, 11783]
[9517, 17056]
[9518, 13966]
[9523, 17059]
[9524, 13683]
[9525, 11607]
[9532, 13734]
[9540, 13406]
[9548, 13951]
[13977, 17062]
[9564, 13980]
[9585, 13897]
[9591, 13880]
[9594, 13994]
[9611, 13174, 13998]
[9623, 13558]
[9625, 13559]
[9626, 14008]
[9643, 17171]
[9646, 19268, 19270]
[9661, 14051]
[9672, 19445]
[9679, 19084]
[9686, 13654, 17596]
[9687, 19038]
[9706, 9713, 14074, 17093, 19090]
[9707, 14081]
[9714, 19097]
[9719, 14093, 17100]
[9723, 17696]
[9724, 9727, 17098, 17099, 17697]
[9730, 13732, 17680]
[9731, 19268, 19270]
[9740, 19101]
[9748, 13274]
[9758, 13552]
[9766, 13560]
[9782, 12565]
[9787, 18009]
[9799, 13356, 18262]
[9803, 9804]
[9818, 17717]
[9824, 12703, 17148]
[9827, 13560]
[9829, 13369]
[9832, 9833]
[9837, 11994]
[9841, 9842]
[9843, 13560]
[9875, 9891]
[9880, 19136]
[9884, 19155]
[9902, 19316]
[9917, 14222, 19151]
[9930, 18633]
[9936, 19154]
[9950, 9966]
[9953, 10040]
[9954, 14250]
[9955, 17196]
[9959, 19170]
[9967, 19171]
[9970, 14259]
[9973, 19180]
[9974, 19180]
[9986, 19184]
[9991, 13141]
[9997, 13572]
[10003, 14288]
[10011, 19195]
[10028, 19200]
[10064, 13778]
[10068, 13536]
[10080, 17239]
[10082, 19211]
[10100, 19217]
[10102, 19218]
[10106, 19219]
[10115, 17245]
[10134, 17250]
[10150, 17260]
[10162, 14737]
[10210, 11060, 13692]
[10222, 19252]
[10225, 10226]
[10229, 13262, 17281]
[10248, 10249]
[10251, 19258]
[10259, 14459, 18894]
[10260, 18750]
[10263, 19271]
[10277, 17295]
[10292, 14476]
[10293, 14476]
[10314, 12977]
[10335, 19306]
[10375, 12582]
[10397, 19325]
[10413, 10431]
[10419, 17717]
[10422, 13327]
[10435, 10436, 19334]
[10449, 13310]
[10450, 13914, 15296, 17719]
[10475, 10476]
[10483, 17938]
[10488, 17358]
[10523, 19210]
[10533, 19339]
[10556, 13629]
[10566, 19347]
[10581, 19349]
[10583, 19352]
[10589, 19355]
[10598, 11995]
[10622, 10828]
[10633, 12588]
[10361, 17168]
[10665, 14997]
[10669, 17406, 19368]
[10671, 17403, 19369]
[10672, 14817, 17404]
[10674, 19371]
[10688, 14632, 19372]
[10690, 19373]
[10746, 17391]
[10749, 10750]
[10751, 13868]
[10789, 19401]
[10800, 19183]
[10805, 11894]
[10806, 13544, 17450]
[10840, 14690]
[10855, 19408]
[10885, 10886]
[10899, 19430]
[10913, 14229, 19433]
[10916, 14717]
[10932, 14581]
[10943, 17492, 19440]
[10946, 10947]
[10952, 13784]
[10970, 13590]
[10981, 17722]
[10986, 17726]
[11006, 11007, 16021, 16022]
[11008, 15757, 17688]
[11036, 15987]
[11050, 13821]
[11060, 13692]
[11063, 12664]
[11071, 18643]
[11077, 17779]
[11095, 14844]
[11113, 17326]
[11127, 17784]
[11148, 18557]
[11160, 13943]
[11182, 18278]
[11190, 16074]
[11193, 13410, 18803]
[11220, 11499]
[11248, 15984]
[11252, 15740]
[11300, 14456, 15033]
[11314, 18704]
[11320, 11321]
[11325, 15045]
[11338, 12983]
[11340, 15051]
[11358, 16748]
[11364, 15770]
[11387, 17924]
[11389, 17922]
[11430, 15942]
[11438, 19234]
[11439, 15103]
[11483, 15159]
[11484, 12494]
[11492, 12612]
[11520, 11528]
[11531, 17624]
[11532, 14731, 17944]
[11537, 12224]
[11539, 19262]
[11546, 15222]
[11558, 16915]
[11560, 13501]
[11567, 15240]
[11576, 14782]
[11593, 17971]
[11596, 16083]
[11600, 17960]
[11601, 14042]
[11667, 13975]
[11721, 16720]
[11732, 17648]
[11765, 12739]
[11805, 15345]
[11817, 16479]
[11852, 19120]
[11898, 16452]
[11908, 14908]
[11937, 16190]
[11940, 15466]
[11955, 11956]
[11957, 18099]
[11960, 15487]
[11976, 18579]
[11978, 13164]
[11984, 18117]
[11991, 12041]
[12035, 15537]
[12036, 18146]
[12048, 15538]
[12060, 15678, 15679]
[12065, 15067]
[12074, 18243]
[12079, 15334]
[12083, 15598]
[12089, 15605]
[12095, 15618]
[12101, 12119]
[12116, 15635]
[12133, 12856, 16193]
[12137, 12932]
[12148, 18219]
[12153, 15659]
[12161, 15930]
[12162, 16161]
[12167, 18233]
[12196, 13339, 15705]
[12253, 15865]
[12258, 15867]
[12271, 15303]
[12276, 16938]
[12318, 18310]
[12325, 18312]
[12326, 15392]
[12327, 18313]
[12349, 15901]
[12350, 17339]
[12399, 18345]
[12405, 18347]
[12415, 18350]
[12418, 12419]
[12444, 18362]
[12445, 15924, 19248]
[12470, 16431]
[12480, 15937]
[12481, 15939]
[12507, 19088]
[12514, 18375]
[12515, 18375]
[12551, 17210]
[12572, 15727]
[12589, 15999]
[12637, 16945]
[12643, 18412]
[12676, 16017]
[12683, 15256]
[12700, 16855]
[12703, 17148]
[12710, 16991]
[12755, 13962]
[12765, 12767]
[12780, 18453]
[12806, 16152]
[12830, 12834]
[12837, 17255, 17256]
[12777, 15476]
[12846, 16179]
[12847, 14501, 19297]
[12856, 16193]
[12860, 15837, 16304]
[12890, 13235]
[12899, 18505]
[12917, 12941]
[12939, 12940]
[12952, 15814]
[12976, 18538]
[12978, 16379]
[13002, 16405]
[13004, 16406]
[13018, 18563]
[13024, 16509]
[13025, 18488]
[13069, 13174, 13998]
[13070, 13799]
[13096, 16480]
[13106, 18936]
[13119, 18546]
[13122, 16502]
[13156, 16515]
[13171, 17633]
[13176, 18660]
[13207, 18673]
[13244, 18703]
[13247, 14316]
[13262, 17281]
[13280, 16648]
[13313, 14833]
[13323, 18747]
[13330, 13337]
[13336, 17255, 17256]
[13338, 16686]
[13339, 15705]
[13348, 18765]
[13356, 18262]
[13357, 18774]
[13371, 18783]
[13390, 13391]
[13392, 16209]
[13402, 16588]
[13410, 18803]
[13413, 18904]
[13415, 18808]
[13435, 16733, 16734]
[13436, 16737]
[13440, 14921, 16752, 16753, 18818, 19109]
[13446, 16743, 18821]
[13450, 18826, 19027]
[13451, 13452, 18829]
[13452, 18829]
[13461, 18979]
[13466, 18837, 18838]
[13469, 16756, 16757]
[13473, 15418]
[13487, 18846]
[13488, 14885]
[13489, 16376]
[13490, 16772]
[13497, 17631]
[13514, 16589, 18857]
[13520, 16091]
[13522, 17586]
[13524, 18859]
[13540, 18609]
[13543, 17225]
[13544, 17450]
[13557, 18868]
[13558, 13559, 14008]
[13561, 16805]
[13569, 16359]
[13570, 18874]
[13573, 18066]
[13578, 16939]
[13580, 16821]
[13598, 16920]
[13601, 16841, 16842]
[13605, 15916, 16654]
[13616, 16117]
[13628, 16868]
[13632, 13633]
[13637, 16265]
[13643, 16871]
[13649, 14798, 18678]
[13653, 14061]
[13654, 17596]
[13662, 18616]
[13666, 13667, 18248, 18921]
[13675, 18928]
[13677, 14974]
[13684, 16441]
[13694, 14977]
[13705, 19221]
[13719, 16616]
[13732, 17680]
[13744, 16901]
[13755, 18973]
[13760, 15838]
[13767, 16947, 16948]
[13773, 18987]
[13789, 15839]
[13797, 15034]
[13815, 18830]
[13823, 15696]
[13831, 16981]
[13838, 19013]
[13848, 19276]
[13856, 16992]
[13857, 13858, 14980]
[13888, 17006, 17007]
[13891, 17311]
[13899, 17019]
[13903, 15711]
[13905, 16172]
[13914, 15296, 17719]
[13916, 14878, 17513]
[13918, 15749]
[13922, 17025]
[13924, 17031]
[13926, 17241]
[13930, 19422]
[13936, 14255, 14984]
[13941, 17040]
[13949, 17509]
[13955, 17047]
[13960, 17046]
[13968, 17061]
[13973, 16698]
[13977, 17062]
[13989, 16902, 16914]
[13993, 17070]
[14005, 17074]
[14015, 15191]
[14038, 15840]
[14039, 19081]
[14044, 14478, 15632, 18212, 19089, 19282]
[14045, 17092]
[14055, 17102]
[14058, 15610]
[14074, 17093, 19090]
[14075, 19092]
[14078, 19093]
[14080, 16796]
[14093, 17100]
[14112, 17125]
[14171, 15011]
[14191, 19137]
[14193, 19138]
[14206, 19141]
[14216, 14800, 19151]
[14222, 19151]
[14255, 14984]
[14265, 19181]
[14274, 17208, 19188]
[14297, 17221]
[14298, 14989]
[14302, 19198]
[14310, 14368]
[14324, 17097]
[14366, 17248]
[14395, 17264]
[14418, 15806]
[14430, 19254]
[14447, 19261]
[14456, 15033]
[14459, 18894]
[14473, 16215]
[14478, 15632, 18212, 19089, 19282]
[14479, 16923]
[14481, 19285]
[14484, 19286]
[14497, 14957, 17523, 19290]
[14498, 15464]
[14499, 19293]
[14505, 17637, 19300]
[14506, 19300]
[14507, 19301]
[14510, 17307, 19303]
[14513, 17318]
[14517, 17053]
[14521, 19310]
[14523, 19313]
[14538, 18103]
[14555, 19333]
[14632, 19372]
[14635, 17407]
[14664, 19398]
[14714, 17476, 19434]
[14731, 17944]
[14742, 14743, 19379]
[14873, 14874]
[14878, 17513]
[14957, 17523, 19290]
[14972, 19348]
[15012, 15013]
[15204, 17940]
[15205, 15206]
[15242, 15243]
[15273, 15274]
[15275, 19231]
[15331, 15350]
[15272, 17990]
[15486, 18104]
[15507, 17899]
[15553, 17280]
[15557, 15567]
[15573, 19391]
[15620, 19362]
[15633, 17576]
[15637, 15638]
[15667, 16650]
[15678, 15679]
[15688, 19198]
[15718, 19286]
[15721, 15722]
[15728, 15729]
[15751, 17589]
[15764, 15765]
[15782, 17549]
[15815, 18017]
[15834, 18930]
[15853, 17591]
[16001, 18402]
[16019, 16021]
[16082, 17972]
[16100, 19142]
[16183, 18480, 18530]
[16271, 16272]
[16374, 16613]
[16395, 18862]
[16408, 18559]
[16438, 16444]
[16463, 19435]
[16466, 18600]
[16505, 17630]
[16523, 16524]
[16545, 16546]
[16653, 18733]
[16750, 18831]
[16828, 16838]
[16881, 16882]
[16951, 16952]
[16965, 19361]
[16985, 18893]
[17006, 17007]
[17011, 17686]
[17066, 19347]
[17099, 17697]
[17128, 17700]
[17186, 17188]
[17208, 19188]
[17209, 19189]
[17212, 19192]
[17218, 19195]
[17255, 17256]
[17304, 17757]
[17383, 17384]
[17403, 19369]
[17405, 19371]
[17417, 19395]
[17423, 19399]
[17476, 19434]
[17480, 17481]
[17492, 19440]
[17523, 19290]
[17548, 17993]
[17589, 19366]
[17637, 19300]
[17640, 19320]
[17641, 18659]
[17776, 18668]
[17877, 18079]
[17929, 18358]
[17979, 18544]
[18050, 18078, 18836]
[18087, 18322]
[18093, 19425]
[18194, 18383]
[18218, 18787]
[18221, 18387]
[18237, 19019]
[18244, 19378]
[18248, 18921]
[18253, 18539]
[18280, 18619]
[18301, 18687]
[18307, 18446]
[18311, 18396]
[18320, 18489]
[18343, 19036]
[18354, 18470]
[18364, 19240]
[18369, 18370]
[18386, 18905]
[18392, 19082]
[18407, 18408]
[18418, 18983]
[18469, 18684]
[18480, 18530]
[18486, 18981]
[18501, 19327]
[18529, 19273]
[18560, 19110]
[18568, 18695]
[18612, 18758]
[18644, 19406]
[18698, 19267]
[18771, 19023]
[18785, 19349]
[18818, 19109, 19244]
[18837, 18838]
[18957, 19380]
[19431, 19432]
