[12263, 19714]
[12264, 16163]
[12267, 19713]
[12273, 15535]
[12275, 15686]
[12276, 16179]
[12280, 13309]
[12293, 18503]
[12301, 17561]
[12305, 16196]
[12308, 16202, 19735]
[12310, 14519]
[12315, 16217]
[12324, 17325, 19749]
[12325, 12332, 15623, 18879, 19353, 19756, 19757]
[12327, 16225]
[12330, 17484, 19062, 19753, 20484]
[12331, 17474, 19754]
[12332, 19757]
[12342, 13994, 16236]
[12343, 19761]
[12353, 19776, 20886]
[12354, 16240, 18950, 19771, 21572]
[12355, 19766]
[12358, 16324, 19779, 20256]
[12360, 19822]
[12372, 19782]
[12373, 16244]
[12374, 16246, 19456]
[12377, 19786]
[12378, 19789]
[12380, 16253]
[12382, 19791]
[12385, 16267]
[12387, 16272]
[12389, 19801]
[12394, 16281]
[12396, 16282, 19811]
[12398, 19813, 20486]
[12399, 16986]
[12404, 15344, 19817]
[12406, 19818]
[12411, 16290]
[12418, 17197]
[12419, 19837]
[12422, 13927, 16313]
[12425, 16323]
[12426, 16345, 20443]
[12427, 19846]
[12429, 19849]
[12432, 19853]
[12434, 16349]
[12436, 19856]
[12445, 19863]
[12447, 17659]
[12451, 12558]
[12452, 16147]
[12458, 19874]
[12459, 19875, 21261]
[12464, 19880]
[12469, 19889]
[12472, 18658]
[12473, 19895]
[12474, 19896, 21125]
[12484, 19905]
[12486, 19907]
[12489, 19910]
[12491, 16404]
[12494, 17006]
[12501, 16321]
[12503, 17456]
[12505, 12506]
[12507, 16436]
[12509, 19924]
[12513, 19927]
[12523, 15376]
[12530, 17706]
[12543, 14507, 21603]
[12544, 17203]
[12546, 17202]
[12550, 16457]
[12551, 17181]
[12552, 16459]
[12557, 16462]
[12572, 16498, 19967]
[12573, 16492, 19970]
[12585, 12586]
[12587, 16907, 19029]
[12590, 18188]
[12595, 19981]
[12602, 16553]
[12604, 18960]
[12608, 19989]
[12609, 19990]
[12610, 19992]
[12616, 16112, 18940]
[12619, 16569]
[12620, 17223]
[12622, 16585]
[12623, 15293, 16608]
[12624, 12894]
[12626, 16690]
[12630, 20005]
[12631, 16697, 20006]
[12634, 12635, 20008]
[12636, 20009]
[12637, 20012, 20737]
[12638, 20011, 21095]
[12641, 16700, 19003, 20014, 20485]
[12644, 16702]
[12648, 15545]
[12650, 15566]
[12662, 16710]
[12666, 16711, 20543]
[12669, 20034]
[12673, 20042]
[12674, 12896, 16714]
[12675, 20044]
[12678, 20046]
[12679, 13567, 17563, 17567, 20525]
[12680, 20048]
[12684, 20051]
[12687, 14270]
[12688, 16722]
[12694, 18912]
[12695, 20058]
[12703, 16662, 20062]
[12704, 20064]
[12714, 20069]
[12717, 13864, 17848]
[12718, 16114]
[12725, 16742]
[12731, 20077]
[12739, 15512]
[12743, 15087]
[12761, 13292]
[12762, 17530]
[12763, 20085]
[12782, 17496]
[12789, 17180]
[12796, 16307, 18956]
[12801, 21412]
[12802, 18194]
[12804, 12805]
[12807, 12808, 15026, 20114, 21488]
[12810, 20118]
[12811, 20120]
[12812, 20121]
[12816, 16766, 20122, 21140]
[12819, 17226]
[12830, 20133]
[12831, 20134]
[12846, 16779]
[12847, 16778]
[12850, 20139]
[12853, 17624]
[12864, 20145]
[12868, 15961]
[12872, 16781]
[12876, 16784]
[12879, 17708, 19085]
[12880, 20148]
[12881, 16057]
[12892, 16803]
[12894, 16806]
[12901, 18266, 19153, 20150]
[12906, 16813]
[12907, 17794]
[12908, 16817]
[12912, 17623]
[12917, 16071, 20156]
[12920, 17043]
[12921, 17150, 17151]
[12932, 20163]
[12933, 17228]
[12934, 20164]
[12938, 17451]
[12940, 16540]
[12942, 16834, 20167]
[12943, 16832]
[12946, 20170]
[12947, 16842]
[12948, 16843]
[12951, 20175]
[12952, 16845, 20174, 19020]
[12975, 19370]
[12977, 16856]
[12983, 16450, 18974]
[12986, 21418]
[12987, 20240]
[12990, 18076, 20192]
[12994, 19023]
[12999, 18734, 20195]
[13000, 17012]
[13001, 19448, 20199, 20284, 21013]
[13005, 19025]
[13006, 16873]
[13012, 20202]
[13017, 16877]
[13021, 14316]
[13024, 16882]
[13029, 17182, 20208]
[13031, 16884]
[13032, 16886]
[13036, 16885]
[13043, 20211]
[13044, 16971, 21654]
[13046, 20213]
[13049, 16892]
[13051, 14675, 17302]
[13056, 16894]
[13057, 20221]
[13059, 16624]
[13062, 20223]
[13074, 19027]
[13092, 16898]
[13093, 16899, 20233]
[13094, 19028]
[13097, 20237]
[13098, 20238]
[13102, 20241]
[13103, 16906, 19364]
[13109, 16915]
[13113, 16916]
[13117, 20248]
[13120, 20247]
[13123, 17383]
[13127, 20252]
[13132, 13179]
[13133, 18385]
[13136, 17711]
[13137, 13979, 16924]
[13141, 18079]
[13146, 16928]
[13150, 17015]
[13151, 17256]
[13156, 16930]
[13165, 18057]
[13170, 20270]
[13172, 16902]
[13175, 14888]
[13177, 15930, 18918, 21164]
[13178, 14469, 17238]
[13179, 17312]
[13182, 14074]
[13187, 16945]
[13197, 15015, 18591]
[13201, 20281]
[13210, 18256, 19152]
[13213, 15984, 20287]
[13226, 20291]
[13227, 20292]
[13243, 17098, 20302]
[13245, 13619, 17600]
[13248, 17102]
[13250, 17105]
[13252, 20310]
[13253, 20312]
[13254, 17070, 19529, 20313]
[13260, 17110]
[13264, 17247]
[13273, 20322]
[13276, 20325]
[13288, 20336]
[13294, 17319]
[13298, 20345]
[13301, 15743]
[13303, 20347]
[13304, 17324]
[13310, 17326]
[13329, 16065]
[13331, 14702, 17020]
[13334, 20369]
[13347, 17381]
[13361, 20382]
[13386, 17873]
[13388, 20395]
[13391, 18662]
[13395, 17392]
[13406, 20399]
[13408, 17491, 20483]
[13409, 17481]
[13415, 20406, 21477]
[13418, 16479]
[13422, 17414]
[13431, 17427]
[13432, 17428]
[13442, 20425]
[13453, 13454, 20432]
[13463, 20442]
[13466, 17441, 20445]
[13469, 15433, 20454]
[13473, 16520, 18987, 20451]
[13474, 15560]
[13475, 17674]
[13480, 17445]
[13482, 20459]
[13483, 20461]
[13485, 17447]
[13494, 17466, 19955]
[13499, 17467]
[13500, 20473]
[13502, 17604]
[13503, 20477]
[13512, 17486, 19061, 20666]
[13517, 20487]
[13528, 15345, 20497]
[13532, 20498, 21209]
[13536, 20502]
[13547, 13548]
[13549, 16636, 16637, 13550]
[13551, 20514]
[13553, 20515]
[13557, 17558]
[13558, 17559]
[13564, 18571, 20524, 21454]
[13567, 17567, 20525]
[13581, 17570]
[13583, 20535]
[13587, 17573]
[13590, 20542]
[13593, 20548]
[13607, 17583]
[13608, 17585]
[13615, 20562]
[13623, 20572]
[13630, 17855]
[13631, 20577]
[13633, 16522]
[13645, 19143]
[13652, 21627]
[13659, 20591]
[13661, 20594]
[13662, 17565]
[13665, 17260]
[13667, 17639]
[13668, 17640]
[13677, 18894, 20610]
[13684, 18862]
[13685, 16152]
[13687, 17687]
[13689, 18071]
[13691, 19083]
[13695, 17692]
[13703, 15947]
[13707, 17726]
[13709, 17724]
[13713, 17733]
[13715, 20642]
[13737, 17763]
[13743, 17765, 20669]
[13747, 20674]
[13763, 18864, 20684]
[13770, 20687]
[13775, 20693]
[13782, 20698]
[13785, 20701]
[13787, 16484]
[13791, 17800]
[13792, 20614]
[13797, 15586]
[13798, 20712, 13799]
[13802, 17028]
[13804, 20719]
[13807, 17429, 20420, 20721]
[13808, 17608]
[13809, 20724]
[13810, 20728]
[13818, 16140, 20735]
[13821, 17816]
[13823, 17820, 20265]
[13824, 13825]
[13829, 17138]
[13831, 20745]
[13836, 17829]
[13837, 20750]
[13838, 20751]
[13840, 17035]
[13841, 17817]
[13843, 20753]
[13856, 20768]
[13859, 20355, 20769]
[13865, 20228]
[13872, 20779]
[13873, 20513]
[13878, 20781]
[13880, 18137]
[13884, 20786]
[13893, 20790]
[13906, 20795]
[13915, 20804]
[13920, 20809]
[13921, 16523]
[13928, 18131]
[13930, 20818]
[13935, 20821]
[13939, 20825]
[13945, 15936, 20826, 18919]
[13947, 16668, 20827]
[13977, 17341]
[13982, 20849]
[13984, 20850, 21297]
[13985, 19117]
[13987, 17926]
[14000, 20511, 20858]
[14001, 20859]
[14006, 20864]
[14007, 19129]
[14008, 20866]
[14010, 17944]
[14012, 17947]
[14013, 20867]
[14016, 20869]
[14017, 20868]
[14022, 20870, 21298]
[14025, 20873]
[14030, 20876]
[14039, 20880]
[14040, 16793]
[14043, 20882]
[14048, 17417, 19053]
[14052, 20893]
[14053, 17967]
[14055, 20895]
[14056, 17037, 20898]
[14061, 17977, 20899]
[14067, 20903]
[14072, 20905]
[14078, 18770, 20911]
[14081, 17999, 20915]
[14082, 16731, 20918]
[14087, 18004]
[14089, 19962]
[14102, 18017]
[14103, 20927]
[14111, 18538]
[14121, 20936]
[14125, 19700, 20356]
[14126, 20938]
[14128, 20939]
[14130, 20944]
[14131, 20942]
[14132, 20943]
[14137, 18034]
[14141, 17342]
[14144, 20953]
[14146, 19965, 20950]
[14148, 18038]
[14156, 20958]
[14162, 20962]
[14165, 17475, 17485]
[14166, 18151]
[14167, 18041]
[14168, 20968]
[14171, 20967]
[14172, 20966]
[14176, 14194]
[14192, 20981]
[14196, 20985]
[14198, 20990]
[14200, 17519]
[14205, 20996]
[14206, 20998]
[14207, 20999]
[14215, 14295, 18152, 21001, 21071]
[14217, 14428, 21003]
[14222, 21012]
[14223, 18050]
[14224, 18051]
[14225, 18052]
[14227, 21015]
[14229, 20878, 21016]
[14230, 17284]
[14244, 21026]
[14249, 18128]
[14255, 14256, 14257, 21044]
[14262, 21054]
[14265, 21056]
[14285, 21065]
[14289, 17479]
[14294, 18150]
[14306, 15519]
[14308, 21031]
[14309, 17679, 20616, 21032]
[14320, 17463]
[14321, 18173]
[14325, 18546]
[14326, 15589]
[14328, 17045]
[14332, 15590, 21085]
[14339, 18179]
[14343, 14344, 18183, 18184, 21093, 20683]
[14345, 17032]
[14348, 18014]
[14349, 18172]
[14351, 20061]
[14357, 15801]
[14362, 18193]
[14364, 21100]
[14369, 17089]
[14371, 18201]
[14372, 21105]
[14377, 18208]
[14380, 21113]
[14407, 18228]
[14408, 18230]
[14410, 18812]
[14411, 14417]
[14431, 14433]
[14434, 18243]
[14436, 17159, 19745, 21146]
[14438, 18246]
[14441, 18255]
[14442, 17289]
[14446, 15450, 19326]
[14451, 21153]
[14455, 21156]
[14456, 21157]
[14457, 15353, 21158]
[14459, 16627]
[14476, 21166]
[14477, 16443]
[14486, 18283]
[14489, 16661, 20979, 21172]
[14492, 16673]
[14495, 18099]
[14497, 18294]
[14499, 21280]
[14500, 18296]
[14518, 18303]
[14525, 17361, 21179]
[14530, 21180]
[14533, 18307]
[14535, 21182]
[14538, 19159]
[14540, 21183]
[14549, 18279]
[14553, 17897]
[14556, 17370]
[14558, 18309, 21185]
[14559, 18310]
[14564, 18313]
[14565, 21189]
[14567, 18315]
[14577, 16524]
[14580, 19163]
[14587, 17942]
[14596, 16333]
[14597, 17296]
[14610, 21206]
[14614, 21208]
[14616, 18353]
[14624, 18372]
[14633, 21214]
[14635, 14637]
[14638, 15524]
[14643, 16983, 21222]
[14644, 19693]
[14663, 14664]
[14669, 18395]
[14674, 18549, 21240]
[14676, 16082]
[14683, 20327, 21245]
[14688, 14689]
[14693, 21248]
[14697, 18404, 18405]
[14699, 18407]
[14706, 17299]
[14708, 18415]
[14712, 17300]
[14716, 21260]
[14718, 18420]
[14721, 15593]
[14726, 18428]
[14733, 14734]
[14740, 21277]
[14750, 16677, 19001]
[14754, 18446]
[14762, 18450]
[14767, 21300]
[14772, 21306]
[14773, 21307]
[14780, 16958]
[14781, 21317]
[14791, 18465, 21325]
[14796, 18470]
[14798, 15435, 18852]
[14802, 17452]
[14805, 18471]
[14807, 21333]
[14808, 18204, 19146]
[14809, 15490, 21335]
[14812, 18478]
[14814, 18474]
[14817, 21342]
[14821, 15302]
[14822, 21344]
[14824, 16162]
[14829, 21355]
[14842, 21360]
[14853, 21364]
[14856, 19170]
[14858, 21367]
[14863, 21374]
[14864, 21375]
[14872, 18513]
[14881, 21382]
[14883, 15357]
[14884, 15358]
[14887, 21388]
[14889, 16370, 21389]
[14891, 21390]
[14892, 15603]
[14896, 21394]
[14904, 18528]
[14910, 18534]
[14912, 21405]
[14918, 21407]
[14941, 21411]
[14944, 21415]
[14946, 21420]
[14947, 17344]
[14949, 16305]
[14956, 21430]
[14962, 17309]
[14965, 18565]
[14970, 21436]
[14973, 21445]
[14979, 21448]
[14990, 21457]
[14993, 18750, 18751]
[15000, 18583]
[15003, 15627]
[15008, 21475]
[15012, 19198]
[15013, 18590]
[15020, 21480]
[15035, 21495]
[15040, 18607]
[15042, 18477]
[15043, 21504]
[15064, 21516]
[15067, 21518]
[15072, 18620]
[15082, 17984]
[15085, 21533]
[15089, 21534, 21537]
[15090, 21538]
[15092, 18641]
[15097, 17269]
[15098, 18647]
[15102, 17315]
[15104, 18649, 21546]
[15107, 18669]
[15108, 21549]
[15109, 17346]
[15112, 21557]
[15113, 21558]
[15116, 18682]
[15117, 18683, 19206, 21559]
[15121, 21562]
[15135, 16015]
[15142, 18697]
[15148, 21578]
[15158, 17462]
[15178, 17924, 20848, 21606]
[15179, 15182]
[15189, 18727]
[15203, 18742]
[15205, 18110]
[15206, 21625]
[15208, 16036]
[15211, 18111]
[15212, 18776]
[15214, 15614]
[15215, 15615]
[15216, 15616]
[15219, 17066]
[15221, 18780]
[15223, 17374]
[15224, 21628]
[15225, 21629]
[15230, 18787]
[15231, 17556]
[15232, 17775]
[15233, 17680, 21638]
[15234, 21641]
[15235, 18790, 21254]
[15245, 15793]
[15249, 16936]
[15253, 21670]
[15257, 18292]
[15258, 17054]
[15260, 21674]
[15265, 21679]
[15267, 21680]
[15274, 21684]
[15281, 21688]
[15282, 21687]
[15287, 18829, 19209]
[15311, 19224]
[15317, 19229, 19803]
[15325, 19243]
[15328, 19252]
[15336, 20455]
[15355, 21268]
[15361, 15362]
[15386, 20293]
[15396, 18848]
[15435, 18852]
[15444, 15445]
[15455, 15460]
[15469, 18856]
[15499, 18859]
[15520, 15521]
[15533, 19718]
[15537, 19726]
[15548, 20030]
[15559, 18869]
[15574, 18873]
[15582, 20959]
[15591, 21097]
[15617, 18878]
[15646, 18883]
[15652, 18884, 19387]
[15654, 15655]
[15658, 18885, 19487]
[15660, 18886]
[15663, 19395]
[15666, 19802]
[15675, 15676]
[15685, 18890]
[15696, 18893]
[15705, 18895, 19441, 20907]
[15707, 18896]
[15724, 18899]
[15755, 21616]
[15760, 15761]
[15767, 16532]
[15776, 18905]
[15780, 19432]
[15785, 19374, 20463]
[15797, 19717]
[15804, 15805, 18007]
[15843, 15888]
[15869, 18915]
[15875, 19532]
[15915, 20626]
[15949, 20588]
[15966, 21340]
[16003, 18929]
[16010, 19244]
[16032, 16033, 21075]
[16109, 18939]
[16116, 18942]
[16119, 21129, 21596]
[16145, 18945]
[16149, 20346]
[16199, 18947]
[16203, 19740]
[16214, 19743]
[16235, 18948]
[16238, 18949]
[16243, 19860]
[16251, 20385]
[16286, 18954]
[16293, 16294]
[16299, 19841]
[16315, 19844]
[16322, 19685]
[16328, 20723]
[16337, 21575]
[16371, 16373]
[16391, 19893]
[16400, 19900]
[16409, 20196]
[16413, 18965]
[16419, 18968]
[16437, 18971]
[16439, 19843, 19925]
[16445, 18973]
[16451, 18975]
[16471, 19625]
[16474, 19781]
[16497, 19968]
[16503, 18981]
[16517, 19601]
[16519, 20115]
[16525, 21440]
[16529, 19972]
[16535, 20897]
[16545, 18988]
[16546, 16547]
[16552, 18989]
[16560, 19686]
[16572, 19787, 19996]
[16590, 20033]
[16595, 18993]
[16610, 20013, 21216]
[16626, 20161]
[16644, 20512]
[16645, 18995]
[16651, 18996]
[16652, 20409]
[16668, 18998, 20827]
[16670, 18999]
[16679, 21294]
[16683, 20627]
[16707, 20065]
[16726, 20057]
[16740, 20076, 20647]
[16741, 19007]
[16746, 20078]
[16747, 19440]
[16759, 19008, 20100]
[16767, 19014]
[16770, 20126]
[16775, 19245, 20137]
[16787, 19017]
[16796, 19211]
[16820, 20154]
[16829, 19018]
[16857, 19022]
[16860, 20332]
[16868, 20198]
[16870, 19024]
[16883, 19724]
[16889, 19716]
[16890, 19948]
[16893, 20217]
[16907, 19029]
[16923, 20253, 20845]
[16946, 21465]
[16949, 21511]
[16964, 20544]
[16987, 16988]
[16992, 19561]
[17041, 21051]
[17044, 21648]
[17055, 17069]
[17071, 20290]
[17083, 17084]
[17107, 17108]
[17120, 17121]
[17141, 19307]
[17175, 20403]
[17224, 20021]
[17249, 21667]
[17253, 17254]
[17258, 19044]
[17263, 20603]
[17304, 19046]
[17331, 20501]
[17333, 19047]
[17379, 19051]
[17382, 20379]
[17396, 17397]
[17404, 17411]
[17420, 20413, 20730]
[17426, 19057]
[17434, 20697]
[17435, 19058, 20232]
[17448, 21631]
[17478, 17490]
[17484, 19062]
[17497, 17498, 19063]
[17499, 21446]
[17522, 20220, 20495]
[17527, 19725, 20500]
[17532, 17533]
[17542, 19066]
[17547, 20055]
[17557, 19393]
[17564, 17568, 19070, 20529, 21419]
[17569, 21644]
[17602, 17603]
[17628, 19454]
[17638, 20600]
[17649, 19287]
[17677, 19080]
[17688, 17689]
[17693, 19084]
[17705, 19934]
[17715, 19087, 20400]
[17716, 17717]
[17718, 19088, 20995]
[17720, 21098]
[17731, 20540]
[17739, 19710, 19926]
[17743, 17744, 20397, 20646]
[17758, 19095]
[17780, 20190]
[17796, 17797]
[17806, 19098]
[17812, 19100]
[17839, 20763]
[17853, 17854]
[17877, 19839, 20800]
[17878, 19109]
[17933, 20853]
[17940, 20863]
[17941, 17942]
[18019, 19646]
[18042, 19130]
[18044, 18045]
[18072, 20072]
[18083, 20323]
[18088, 19135]
[18100, 21470]
[18117, 21025]
[18129, 19137]
[18131, 21039]
[18142, 20052, 21058]
[18155, 21072]
[18191, 21386]
[18204, 19146]
[18221, 18222]
[18272, 19155, 20193]
[18280, 20551, 21170]
[18287, 19156, 20754]
[18312, 19160]
[18324, 19164]
[18332, 18333]
[18357, 19171]
[18377, 18378]
[18393, 21228]
[18396, 18397]
[18400, 21242]
[18402, 19178]
[18406, 19179]
[18408, 21251]
[18418, 19949]
[18426, 21263]
[18427, 21264]
[18440, 18442]
[18441, 19182]
[18456, 21313]
[18467, 19185, 19186]
[18473, 21334]
[18481, 19190]
[18507, 18508]
[18509, 21361]
[18516, 19193]
[18529, 19788]
[18530, 20844, 21403]
[18566, 21434]
[18579, 19197]
[18588, 18589]
[18631, 18632]
[18650, 18651]
[18675, 19204]
[18679, 18680, 21553]
[18681, 19205]
[18692, 21316]
[18709, 19207]
[18722, 18723]
[18729, 19449, 21612]
[18733, 21615]
[18771, 20205]
[18797, 21662, 21664]
[18815, 19751]
[18818, 21676]
[18900, 19960]
[18925, 19620, 20602]
[18978, 21164]
[18997, 21081]
[19012, 20113]
[19039, 20324]
[19086, 20388]
[19188, 21338]
[19200, 21535]
[19230, 21112]
[19236, 20829]
[19347, 20299]
[19372, 21486]
[19375, 21289]
[19390, 19488]
[19404, 19979]
[19431, 21471]
[19434, 19435]
[19441, 20907]
[19443, 21476]
[19444, 20023, 20761]
[19445, 21014]
[19466, 20086]
[19467, 20823]
[19473, 20977]
[19508, 19509]
[19514, 21397]
[19544, 19603]
[19547, 20653]
[19565, 19567]
[19578, 19775]
[19615, 20973]
[19616, 21178]
[19630, 20708]
[19631, 21218]
[19632, 21555]
[19642, 20974]
[19644, 19688]
[19652, 20235]
[19657, 20212]
[19658, 19912]
[19670, 20816]
[19678, 19888]
[19700, 20356]
[19701, 20891]
[19720, 20817]
[19725, 20500]
[19750, 20650]
[19826, 21130]
[19830, 20645]
[19839, 20800]
[19843, 19925]
[19875, 21261]
[19896, 21125]
[19908, 19909]
[19928, 20752]
[19931, 20180]
[19950, 21092]
[19953, 20367, 21354]
[19959, 21593]
[19966, 20951]
[19975, 20408]
[19977, 21086]
[19997, 21292, 21293]
[20017, 20522]
[20047, 20611]
[20052, 21058]
[20059, 20275]
[20068, 20189]
[20083, 20340]
[20092, 21524]
[20109, 21118]
[20112, 21412]
[20128, 20314]
[20143, 21402]
[20151, 20152]
[20179, 20928]
[20185, 21186]
[20220, 20495]
[20311, 20607]
[20329, 20393]
[20337, 21041]
[20357, 21526]
[20392, 21456]
[20397, 20646]
[20406, 21477]
[20434, 21221]
[20446, 20621]
[20510, 20710]
[20558, 21632]
[20624, 21447]
[20729, 21101]
[20747, 21560]
[20819, 20820]
[20857, 21168]
[20878, 21016]
[21007, 21595]
[21051, 21052]
[21331, 21332]
[21346, 21347]
[21378, 21499]
[21414, 21423]