[4, 11312, 12936, 15294]
[12942, 20165]
[27, 17320]
[28, 6589]
[60, 11337]
[67, 11344]
[70, 7314, 11346]
[82, 6859]
[93, 94]
[108, 18840, 109, 18841]
[129, 130]
[157, 11375, 20288]
[170, 15348]
[246, 256]
[268, 282]
[275, 18844, 278, 15389]
[285, 11399]
[298, 3629]
[309, 311]
[315, 322, 15411]
[345, 15419, 18850]
[370, 19311]
[413, 12432, 416, 3240]
[445, 12475, 19896]
[459, 462]
[467, 468]
[479, 3244]
[480, 12431]
[491, 9890]
[509, 529]
[522, 15463]
[528, 15464]
[549, 553, 15486]
[559, 14809, 15490, 21331]
[567, 15494]
[568, 569]
[577, 15508]
[593, 15563]
[606, 607, 15520, 15521]
[610, 611]
[619, 1294]
[631, 11924]
[640, 641]
[673, 675]
[684, 12445, 19863]
[695, 19982]
[714, 12788]
[810, 811]
[824, 18872]
[976, 3631]
[1023, 9412, 9418]
[1024, 9419]
[1027, 11571, 19351]
[1028, 7725]
[1046, 5986]
[1078, 1728]
[1083, 5348]
[1096, 1097]
[1116, 11611]
[1120, 11612, 18882]
[1156, 19388]
[1159, 15658, 18885, 19487]
[1164, 11644]
[1172, 1381]
[1173, 1392]
[1174, 1402]
[1180, 19559]
[1197, 1201]
[1200, 7745]
[1239, 3960]
[1247, 3366]
[1261, 6968]
[1272, 4920]
[1273, 4922]
[1279, 18891]
[1313, 7597]
[1320, 12566]
[1354, 11719]
[1357, 13626]
[1363, 7200]
[1376, 15715]
[1398, 1781]
[1413, 7594]
[1414, 11740, 15719, 18898, 19463]
[1416, 1417]
[1455, 1456]
[1476, 15736]
[1514, 18903]
[1516, 15752]
[1517, 3635, 11780]
[1518, 1522]
[1519, 1520]
[1521, 11781]
[1597, 17698]
[1599, 3159, 5384]
[1606, 11814]
[1619, 9847]
[1645, 1870]
[1658, 8251]
[1660, 10029]
[1674, 3489]
[1688, 13028]
[1691, 15830]
[1696, 10373]
[1754, 1756]
[1762, 18910]
[1771, 9624]
[1846, 16907, 19029]
[1854, 12352]
[1869, 15867]
[1871, 15248]
[1894, 15875, 19532]
[1919, 10271]
[1956, 9501, 11899, 18155, 21069]
[1974, 1975]
[1985, 15918]
[1986, 1997, 1990, 9122]
[2013, 13177, 15930, 18918]
[2024, 2025]
[2085, 15956]
[2091, 12020]
[2154, 2155]
[2161, 4102]
[2163, 3646]
[2191, 3647]
[2199, 12111]
[2268, 3301]
[2272, 3302]
[2282, 3305]
[2309, 3312]
[2311, 16366]
[2316, 16367]
[2323, 7216]
[2374, 16058]
[2376, 2435]
[2403, 2636]
[2413, 2450]
[2425, 13206]
[2439, 16080]
[2464, 2465]
[2481, 2482]
[2483, 12205]
[2499, 3649]
[2500, 12206, 19689]
[2516, 12219]
[2537, 16115, 2567, 2621]
[2540, 16104]
[2562, 2620]
[2576, 2577]
[2590, 2597]
[2608, 2629]
[2649, 16133]
[2651, 16134]
[2751, 2752]
[2755, 12645]
[2822, 2871]
[2853, 2854]
[2855, 16187]
[2881, 9555, 9913]
[2894, 12208]
[2911, 2916]
[2915, 3338]
[2963, 2964]
[3030, 18951]
[3031, 16259]
[3043, 12385, 16267]
[3063, 13587, 17573]
[3151, 12358, 16324, 19779]
[3166, 3167]
[3176, 16439]
[3235, 5790, 3236]
[3243, 19845]
[3250, 16347]
[3290, 6975]
[3301, 16364]
[3302, 3308]
[3304, 3314]
[3317, 16365]
[3320, 16369]
[3350, 16375]
[3369, 12467]
[3377, 12872, 16781, 19885]
[3380, 3385]
[3382, 16386]
[3395, 17109, 3398, 5915]
[3415, 16399]
[3417, 5262]
[3436, 7547]
[3442, 11334]
[3444, 3445, 8700]
[3446, 3448]
[3454, 14024]
[3463, 21215]
[3487, 3488]
[3490, 15829]
[3508, 16428]
[3532, 16440]
[3572, 12536]
[3630, 15492]
[3653, 16322, 19685]
[3654, 16434]
[3657, 16747, 19440]
[3660, 16964]
[3664, 12001, 18979, 17187]
[3684, 3685, 10249]
[3692, 3693]
[3694, 15025]
[3696, 18666]
[3697, 6757]
[3704, 3719]
[3743, 3799]
[3752, 16503, 18981]
[3763, 12577]
[3768, 5387]
[3787, 12580]
[3803, 4132]
[3858, 11762]
[3895, 16908]
[3917, 12940, 16540]
[3947, 8771]
[3964, 16563]
[4005, 15126]
[4013, 8043]
[4014, 8046]
[4015, 4016, 8049]
[12620, 17223]
[4020, 10671]
[4054, 13947]
[4060, 14492, 16673]
[4083, 4084]
[4145, 4146, 4147]
[4150, 4621, 16620]
[4151, 12800]
[4154, 4698, 4817]
[4204, 4205]
[4211, 4246]
[4214, 4215]
[4222, 16642]
[4232, 4233]
[4243, 16683]
[4269, 18997]
[4273, 18197]
[4274, 10257]
[4279, 4280, 4284]
[4298, 4299]
[4311, 4312]
[4352, 6409]
[4363, 15056]
[4417, 17761]
[4429, 4436]
[4458, 16715]
[4478, 4492]
[4505, 16721]
[4509, 9684]
[8462, 9685]
[4537, 4538]
[4561, 10558, 16739]
[4567, 16740]
[4586, 16746, 20076]
[4591, 9697]
[4642, 12791]
[4659, 4660]
[4664, 12815]
[4665, 12816, 16766]
[4675, 12818]
[4682, 16770, 4683, 12823]
[4713, 16776]
[4724, 12845]
[4752, 12867]
[4757, 4768]
[4761, 4766]
[4800, 16800]
[4803, 4804]
[4825, 12668]
[4826, 4827]
[4863, 16232]
[4871, 16819]
[4872, 4873]
[4879, 18226]
[4886, 12939]
[4915, 16844]
[4930, 12952, 16845]
[4934, 4939]
[5004, 10565, 13002]
[5014, 10566]
[5025, 9759]
[5028, 6899, 8112]
[5038, 18242]
[5040, 5044, 12473]
[5051, 16876]
[5117, 5118]
[5167, 8126, 10574]
[5174, 5175, 5176]
[5249, 13170]
[5279, 13207]
[5306, 13220]
[5320, 17046]
[5327, 16969]
[5377, 9115]
[5390, 13590]
[16992, 19561]
[5408, 5830]
[5415, 5416]
[5417, 5418, 5419]
[5487, 17010]
[5498, 5502]
[5499, 5506, 19012]
[5513, 17011]
[5547, 5548]
[5564, 12713]
[5572, 13562]
[5597, 20673]
[5602, 17771]
[5603, 6718]
[5605, 13789]
[5607, 19684]
[5643, 5644]
[5649, 5650]
[5678, 13882]
[5776, 5777, 16968]
[5806, 13230]
[5817, 11952]
[5856, 5860]
[5868, 16279]
[5893, 8898]
[5938, 17116]
[5942, 20301]
[5954, 10030]
[6001, 6002]
[6008, 6010]
[6015, 6016]
[6017, 6481]
[6020, 19307]
[6033, 17249]
[6036, 15556]
[6047, 6048]
[6074, 6075, 17169]
[6079, 6483, 17176]
[6085, 19041]
[6095, 17311]
[6099, 6100]
[6102, 17185]
[6113, 19643]
[6121, 19042]
[6158, 6500, 6501]
[6184, 17211]
[6190, 17214]
[6194, 13151, 17256]
[6198, 17316]
[6246, 19833]
[6266, 6953]
[6269, 12277]
[6272, 13523]
[6318, 6319]
[6321, 12979]
[6329, 19046]
[6356, 6357]
[6387, 6388]
[6410, 17235]
[6425, 6427]
[6438, 13179, 17312, 11954]
[6448, 17313]
[6476, 13294, 17319]
[6478, 13299]
[6479, 6480]
[6482, 17322]
[6541, 11345]
[6551, 7558]
[6565, 17373]
[6575, 10926]
[6578, 6586]
[11956, 18279]
[6612, 6613]
[6647, 17364]
[6648, 6649]
[6685, 6686]
[6757, 19352]
[6768, 6769]
[6774, 11909, 16480, 19555]
[6781, 6782]
[6812, 17390]
[6816, 6817]
[6827, 6842]
[6831, 17397]
[6832, 17398]
[6884, 17433]
[6885, 17431]
[6889, 8086]
[6891, 6893]
[6939, 13598]
[6940, 6945]
[6948, 7963]
[6955, 18399]
[6981, 7016]
[6999, 13369]
[7011, 7012]
[7025, 13147]
[7037, 16750, 17764]
[7044, 10583]
[7052, 10599]
[7060, 7062]
[7061, 7064, 7063]
[7097, 7099, 18354]
[7098, 13516]
[7105, 17497]
[7111, 7117]
[7113, 17499, 21446]
[7115, 14792]
[7143, 7624]
[7169, 10912]
[7176, 19064]
[7183, 12744]
[7209, 7212]
[7227, 16176]
[7291, 17546]
[7297, 7299]
[7298, 7300]
[7304, 8737, 12361]
[7311, 7312]
[7325, 8499]
[7327, 18914]
[7376, 7377]
[7403, 17591]
[7415, 17592]
[7417, 7418]
[7422, 17595, 7423]
[7446, 7450]
[7460, 12786]
[7471, 17608]
[7474, 17609]
[7478, 7480]
[7479, 8357]
[7481, 7482]
[7545, 8183, 17632]
[7563, 17641]
[7572, 14103]
[7576, 7578, 17648]
[7684, 15233, 17680, 17266]
[7695, 14618]
[7713, 17686]
[7727, 7729]
[7728, 17690]
[7752, 7753]
[7760, 12447]
[7786, 7787]
[7796, 7797]
[7854, 7858]
[7872, 17723]
[7888, 8563]
[7896, 17731]
[7913, 8392]
[7922, 8502]
[7927, 7940]
[7956, 8718]
[7960, 8730]
[7967, 19830]
[7974, 13720]
[7983, 12374, 16246, 19456]
[7999, 8000]
[8027, 19677]
[8046, 8051]
[8050, 10557]
[8071, 8073]
[8072, 8074]
[8135, 10579]
[8145, 17791]
[8150, 8151, 8169]
[8156, 8170]
[8163, 17795]
[8168, 8171, 17276]
[8178, 17793]
[8192, 13794]
[8194, 17808]
[8216, 9329]
[8222, 8276]
[8248, 8262]
[8265, 18347]
[8266, 10027]
[8271, 8272, 17824]
[8276, 10028]
[8283, 14437]
[8295, 19170]
[8307, 10306]
[8311, 18480]
[8316, 10308]
[8321, 18500]
[8377, 13883]
[8410, 19632]
[8469, 8470, 17880]
[8472, 8475]
[8501, 13929]
[8521, 17895]
[8522, 17896]
[8544, 8585]
[8554, 17903]
[8585, 17908]
[8621, 13972]
[8624, 17921]
[8639, 15272]
[8649, 8923]
[8654, 17929]
[8676, 17935]
[8683, 17937]
[8761, 17955]
[8786, 14054]
[8787, 17973]
[8805, 14335]
[8809, 17980]
[8825, 11330, 19231]
[8841, 19122]
[8855, 8856]
[8857, 14162]
[8861, 8862, 8863]
[8869, 8871]
[8885, 8886]
[8889, 8891]
[8920, 14092]
[8930, 8934]
[8946, 14348, 18014]
[8950, 11391]
[9032, 18038]
[9079, 20734]
[9088, 18072]
[9090, 18285]
[9106, 13165, 18057]
[9210, 13383]
[9211, 13392]
[9267, 14062]
[9268, 14064]
[9312, 16665]
[9314, 18108]
[9326, 9327]
[9356, 9357]
[9362, 18122]
[9365, 9366]
[9388, 9395]
[9389, 9396]
[9390, 9397]
[9391, 9398]
[9392, 9406]
[9411, 9417]
[9414, 9416]
[9436, 9443]
[9454, 14269]
[9465, 14285]
[9467, 9471]
[9494, 15124]
[9524, 18161]
[9532, 9534]
[9533, 18164]
[9539, 18165]
[9545, 16079]
[9569, 10098]
[9593, 9594]
[9601, 9603]
[9633, 16110]
[9636, 9637]
[9668, 20651]
[9672, 21108]
[9676, 20786]
[9685, 9687]
[9686, 21142]
[9689, 13693]
[9715, 14396]
[9716, 14395]
[9721, 16485]
[9732, 18236]
[9745, 12670]
[9759, 9762]
[9763, 21140]
[9774, 18250]
[9780, 16903]
[9812, 13350]
[9835, 18281]
[9836, 18282]
[9885, 9886]
[9898, 9899]
[9910, 20745]
[9995, 11821, 19499]
[9996, 21019]
[10015, 10016]
[10035, 18340, 10078]
[10047, 18356]
[10056, 16486]
[10057, 20261]
[10058, 10059]
[10093, 18382]
[10173, 18412]
[10190, 10191]
[10192, 10631]
[10199, 10695]
[10200, 10633]
[10203, 10685]
[10352, 10353]
[10357, 18496, 19410]
[10363, 18497]
[10380, 19242]
[10381, 18507]
[10382, 14852]
[10402, 12608, 19987]
[10406, 21372]
[10410, 10411]
[10435, 14891, 21385]
[10447, 10670, 18530, 20841]
[10452, 21401]
[10459, 13554]
[10460, 10462]
[10472, 18539]
[10486, 19194]
[10510, 10519]
[10512, 10520]
[10560, 10562]
[10569, 18572]
[10643, 17552]
[10650, 13046, 20211]
[10656, 10659]
[10681, 21508]
[10695, 21507]
[10723, 15081]
[10747, 10748, 13339]
[10763, 14595]
[10796, 20170]
[10817, 10818]
[10878, 10879]
[10893, 20127]
[10913, 18686]
[10941, 18704]
[10993, 10994]
[11030, 18717]
[11113, 11114]
[11140, 18773]
[11141, 11142]
[11184, 11186]
[11259, 14410, 18812]
[11271, 21671]
[11276, 19301]
[11287, 15275]
[11291, 15278]
[11310, 11580, 15288]
[11311, 11819, 15291]
[11313, 14727, 15301]
[11314, 19213]
[11318, 19223]
[11319, 16074]
[11320, 15313]
[11323, 17461]
[11332, 15318]
[11339, 16913, 19235]
[11340, 19236, 20826]
[11343, 17998]
[11347, 19241]
[11353, 19112]
[11355, 19248]
[11356, 15644]
[11359, 16302, 19249]
[11361, 15327]
[11364, 15330]
[11369, 15602]
[11371, 12980, 20189]
[11376, 16972]
[11377, 19261]
[11382, 15373, 18991, 19263, 217]
[11384, 15375]
[11385, 19266, 20234]
[11386, 18169, 19267]
[11387, 18067, 19268, 19835]
[11390, 16303]
[11397, 19275]
[11398, 15050]
[11401, 19285]
[11402, 15393]
[11406, 19288]
[11407, 15397]
[11408, 15398]
[11409, 17587, 19290]
[11410, 15402, 19292]
[11411, 13835]
[11413, 15404, 19295]
[11414, 17488]
[11416, 16304]
[11419, 15406]
[11426, 15409]
[11427, 13896, 15992]
[11430, 15414]
[11432, 15416]
[11436, 16039]
[11437, 16041, 20534]
[11441, 17140]
[11443, 16579, 19298]
[11444, 16977]
[11455, 18699]
[11457, 15418]
[11458, 17050]
[11460, 19302]
[11466, 19304]
[11473, 15423, 18851]
[11482, 15436]
[11483, 18056]
[11484, 11488]
[11485, 14175]
[11486, 13450]
[11501, 13914]
[11503, 14287]
[11506, 14174]
[11511, 15933]
[11516, 19331, 19569]
[11518, 14597, 17296]
[11521, 15465, 18855]
[11530, 16490]
[11532, 15472]
[11533, 19339]
[11534, 15488, 18857]
[11535, 17870]
[11538, 16979]
[11542, 16361]
[11544, 16438, 18972]
[11545, 19342]
[11552, 15493]
[11553, 15498]
[11555, 15502]
[11558, 15513]
[11561, 17145]
[11562, 17146]
[11563, 13251]
[11564, 18705]
[11565, 18813]
[11566, 15500]
[11567, 15620]
[11569, 19350, 20153]
[11572, 17375, 16491]
[11577, 17418]
[11578, 17535]
[11586, 17166]
[11587, 18058]
[11588, 15338]
[11593, 16551]
[11596, 17042]
[11602, 19356]
[11605, 16833]
[11607, 15643, 18881]
[11617, 19367]
[11622, 19373]
[11623, 18678]
[11628, 15649]
[11630, 15859]
[11635, 17727, 19384]
[11641, 15657]
[11643, 19391]
[11645, 15662]
[11647, 12305, 16196, 2976]
[11653, 19405]
[11654, 19402]
[11658, 19406]
[11666, 18652]
[11668, 15339, 19415]
[11669, 19416]
[11670, 15674]
[11671, 19417]
[11677, 19423]
[11680, 16980]
[11683, 18284]
[11686, 15626, 19428]
[11691, 19429]
[11698, 19433]
[11701, 19437]
[11704, 19451]
[11708, 18992, 19442, 20018]
[11713, 19450]
[11714, 18170, 21076]
[11717, 18735]
[11719, 15065]
[11725, 15712, 18897, 19457]
[11727, 19460]
[11737, 19462]
[11739, 15717]
[11741, 15720]
[11742, 15721]
[11744, 19464]
[11745, 16467]
[11754, 17307]
[11760, 15718]
[11761, 19472]
[11766, 19476]
[11767, 18351]
[11770, 15732]
[11773, 15733]
[11775, 15734]
[11779, 19482]
[11780, 19483]
[11782, 15753]
[11784, 15754]
[11796, 15772]
[11798, 15775, 19494]
[11799, 19491]
[11802, 17422]
[11804, 19496]
[11805, 15781]
[11806, 15783, 20457]
[11808, 15784]
[11811, 19497]
[11815, 15792]
[11816, 13495]
[11817, 15800]
[11822, 15806, 19500]
[11828, 19501, 20706]
[11834, 15819]
[11838, 14785, 15827, 21316]
[11840, 16989]
[11845, 19503]
[11846, 15831, 18907]
[11847, 16309, 19504]
[11848, 19512]
[11855, 19519]
[11856, 15845, 19518]
[11866, 15648]
[11883, 19536]
[11889, 19544]
[11892, 19546]
[11896, 15892]
[11902, 17699]
[11905, 19552]
[11906, 19553]
[11915, 15904]
[11918, 15906]
[11919, 15913, 19556]
[11929, 15923]
[11932, 15927]
[11933, 15926]
[11947, 16805]
[11962, 11963]
[11970, 18650]
[11987, 18670]
[11992, 19584]
[11998, 18923]
[12016, 19595]
[12017, 19602]
[12018, 19596]
[12019, 15959]
[12025, 16672, 19000, 21164]
[12028, 19607]
[12038, 18062]
[12041, 18091]
[12043, 18634]
[12045, 15968]
[12046, 15969]
[12049, 19610]
[12056, 15974]
[12057, 15978]
[12063, 15982]
[12064, 15981]
[12066, 16461]
[12071, 15983]
[12072, 21424]
[12074, 15985]
[12081, 16556]
[12086, 17653, 19079, 19628]
[12103, 17328]
[12113, 16262]
[12124, 17654, 19831]
[12128, 20294]
[12129, 16001]
[12131, 19650]
[12140, 16005]
[12141, 19654]
[12143, 19655]
[12145, 17358, 20365]
[12146, 20058]
[12149, 16013]
[12153, 17189]
[12156, 17190]
[12157, 16044]
[12164, 16052, 19671]
[12165, 12740]
[12172, 19676]
[12175, 17359, 19675, 20687]
[12177, 17533]
[12179, 17861]
[12180, 18543]
[12184, 15527]
[12186, 19682]
[12194, 17194]
[12197, 16072]
[12198, 16073]
[12203, 16088]
[12207, 16095]
[12216, 16093]
[12221, 17063, 19035]
[12223, 18334, 19168, 19262]
[12224, 19692, 21275]
[12230, 16999]
[12236, 14305, 19694]
[12238, 19697]
[12240, 18451]
[12248, 17208, 6183]
[12249, 17210]
[12251, 19702]
[12253, 16132]
[12255, 17196]
[12258, 17360, 20672]
[12262, 17503]